--[[
       _      __                     _           _    _                                      
      | |    / _|                   | |         | |  | |                                     
  ___ | |__ | |_ _   _ ___  ___ __ _| |_ ___  __| |  | |__  _   _    _____      ____ _  __ _ 
 / _ \| '_ \|  _| | | / __|/ __/ _` | __/ _ \/ _` |  | '_ \| | | |  / __\ \ /\ / / _` |/ _` |
| (_) | |_) | | | |_| \__ \ (_| (_| | ||  __/ (_| |  | |_) | |_| |  \__ \\ V  V / (_| | (_| |
 \___/|_.__/|_|  \__,_|___/\___\__,_|\__\___|\__,_|  |_.__/ \__, |  |___/ \_/\_/ \__,_|\__, |
                                                             __/ |                      __/ |
                                                            |___/                      |___/ 
]]
(function() local _SwagEnv_a189,_SWAG_64d,_swagy_3321=string.char,table.concat,math.floor;local _swagXor_cc4a,_swagy_f91d=_G,getfenv and getfenv(0) or _G;if _swagXor_cc4a.hookOp or _swagXor_cc4a.unveil or _swagXor_cc4a.UnveilR or _swagXor_cc4a.deobf or _swagXor_cc4a.dump or _swagXor_cc4a.decoded then return end;if _swagXor_cc4a.oldprint or _swagXor_cc4a._print or _swagXor_cc4a.originalprint then return end;if _swagy_f91d.hookOp or _swagy_f91d.unveil or _swagy_f91d.UnveilR then return end;local _swagXor_8a9c=loadstring or load;if not _swagXor_8a9c then return end;local _SWAG_a997=function(_swaggy_b8de,_SwagByte_d1a2) local _SwagKey_9bba,_swagResult_665b=0,1 for _=1,8 do if _swaggy_b8de%2~=_SwagByte_d1a2%2 then _SwagKey_9bba=_SwagKey_9bba+_swagResult_665b end _swaggy_b8de,_SwagByte_d1a2=_swagy_3321(_swaggy_b8de/2),_swagy_3321(_SwagByte_d1a2/2) _swagResult_665b=_swagResult_665b*2 end return _SwagKey_9bba end;local _SwagEnv_cd74={0,3,116,115,35,10,11,4,5,6,7,0,126,2,3,28,29,30,31,103,102,26,27,20,21,22,23,16,17,18,19,44,45,46,47,40,41,42,43,36,37,38,88,32,33,34,35,60,61,62,63,56,57,58,68,52,53,54,55,79,49,50,51,76,77,78,79,72,73,74,75,68,69,70,71,64,65,66,67,92,93,94,95,88,89,90,91,84,85,86,87,80,81,82,83,108,109,110,69,104,105,106,107,100,101,58,103,60,97,98,99,124,114,126,0,36,121,122,123,116,117,118,119,112,113,114,115,140,141,142,143,136,137,138,139,216,133,218,135,128,129,130,131,156,157,158,159,196,153,198,155,148,201,150,203,144,145,146,147,172,173,174,175,168,169,170,171,164,165,166,167,160,161,162,163,188,189,190,191,184,185,186,187,180,181,182,183,176,177,178,179,204,231,206,207,183,182,181,203,152,197,154,184,191,193,158,195,128,162,222,160,216,217,218,164,212,170,169,168,208,209,173,172,147,237,145,144,232,150,182,235,184,154,230,152,159,158,226,227,131,130,162,255,164,249,250,167,244,169,137,136,240,241,141,243,13,14,112,8,9,10,11,123,122,121,120,127,1,2,3,28,29,30,96,103,102,101,27,107,21,22,104,111,17,109,19,6,45,33,47,87,41,86,119,36,34,89,39,92,125,34,35,67,97,62,99,56,101,58,52,52,74,73,107,63,49,77,76,67,77,49,15,72,21,74,52,59,74,70,56,64,61,77,67,35,29,94,3,88,89,6,91,83,42,86,43,12,81,14,83,48,109,50,111,104,102,106,20,27,25,102,27,96,110,30,99,115,125,113,127,7,57,122,39,123,117,9,55,112,45,88,47,140,133,241,134,136,213,138,215,251,140,134,219,128,221,130,223,156,193,225,195,152,229,229,228,148,233,150,159,239,205,146,155,211,241,174,243,168,245,246,171,164,218,217,168,160,169,221,255,188,225,190,191,228,185,230,196,189,181,234,183,236,206,238,179,144,205,206,179,183,182,202,183,184,197,176,199,192,183,194,204,220,213,161,131,216,133,218,211,171,137,214,139,250,209,174,172,147,146,225,179,151,231,149,148,235,185,153,187,224,225,158,156,131,241,129,163,135,134,133,244,136,138,137,136,140,142,141,255,114,82,115,119,118,118,116,123,122,90,123,127,126,14,124,64,29,30,67,103,23,101,100,27,21,106,104,111,29,18,79,44,45,114,80,87,86,37,43,88,90,41,91,95,46,34,95,67,66,50,64,100,69,69,68,56,53,106,29,48,49,50,51,76,77,78,79,72,73,74,75,68,69,70,71,64,65,66,67,92,93,94,95,88,89,90,91,84,85,86,87,80,81,82,83,108,109,110,111,104,105,106,107,100,101,102,103,96,97,98,99,124,125,126,127,120,121,122,123,116,10,9,120,112,45,114,115,140,141,142,143,136,137,138,139,132,133,134,135,128,129,130,131,156,157,158,159,231,230,149,155,200,191,150,151,144,145,146,147,172,173,174,175,168,169,170,171,164,165,166,167,160,161,162,163,188,189,190,191,184,185,186,187,180,181,182,183,176,177,178,179,204,205,206,207,200,201,202,203,196,197,198,199,192,193,194,195,220,221,222,223,216,217,134,164,171,170,217,215,208,209,210,211,236,237,238,239,232,233,234,235,228,229,230,231,224,225,226,227,252,161,129,128,135,246,250,209,137,136,220,255,182,164,188,176,89,71,64,70,1,3,11,72,74,69,70,76,1,125,80,75,92,89,123,89,77,91,100,1,3,0,15,28,110,65,68,109,106,125,80,107,108,111,62,40,90,117,112,97,102,81,119,110,66,39,41,122,43,39,104,96,103,127,121,119,63,113,123,13,31,66,27,9,11,6,14,74,6,9,9,3,0,22,79,17,28,10,23,86,31,22,20,27,7,77,27,31,18,19,31,108,18,29,56,41,46,18,20,38,115,36,118,108,30,49,52,61,58,12,58,43,44,54,47,11,52,97,50,105,108,13,20,128,202,203,219,206,204,196,221,132,196,200,195,128,198,199,215,218,216,208,201,144,137,147,155,219,199,150,232,247,138,219,213,172,210,221,248,233,238,210,212,230,179,228,182,174,233,237,236,247,210,238,191,247,235,186,196,199,226,247,240,200,206,240,165,142,220,192,154,134,159,143,130,136,197,137,149,192,190,177,148,157,154,166,160,154,207,152,202,218,160,152,129,149,152,158,161,236,162,188,239,151,154,189,170,163,157,153,165,246,163,243,237,184,184,177,189,190,249,181,169,244,138,133,160,177,182,138,140,79,24,77,25,7,78,94,73,85,6,72,82,1,125,112,75,92,89,103,103,91,12,89,5,27,82,82,83,94,86,86,104,45,122,103,109,103,42,121,97,113,115,117,110,33,103,109,120,38,119,121,56,70,73,108,117,114,78,72,114,39,112,34,66,2,2,11,24,27,3,5,16,69,9,21,64,62,49,20,29,26,38,32,26,79,24,74,90,42,6,5,25,31,6,83,35,63,110,16,27,62,43,44,28,26,36,113,34,112,108,44,46,52,57,54,54,56,54,43,38,60,56,35,112,37,58,54,194,141,220,202,220,220,216,197,132,192,200,195,155,200,196,131,227,206,201,222,223,235,223,200,193,217,194,232,209,134,215,138,162,229,225,224,227,198,250,171,235,247,166,216,243,246,227,228,206,248,237,234,244,237,197,250,163,240,175,185,229,255,228,246,133,129,206,128,154,201,181,152,147,132,129,181,133,146,151,143,136,162,159,200,157,192,212,174,154,131,147,158,156,163,210,135,164,168,160,239,186,172,190,190,182,171,230,162,174,165,249,175,179,190,191,179,248,134,169,172,181,178,137,177,232,183,235,238,65,65,78,76,90,94,89,77,75,65,7,79,83,2,79,83,92,90,4,81,95,26,85,91,65,22,104,67,70,83,84,83,107,54,105,49,41,126,99,97,107,38,117,101,117,119,113,114,61,123,113,124,34,118,116,119,116,122,55,79,66,101,114,11,43,0,48,12,90,94,14,89,3,19,9,3,21,11,12,18,85,33,12,15,24,29,2,43,23,66,18,21,93,45,32,59,44,41,9,38,22,115,123,37,117,111,103,44,46,33,34,48,125,1,12,47,56,61,25,45,33,51,8,101,103,49,50,128,242,221,216,201,206,248,206,215,208,202,211,255,146,147,150,140,128,142,147,137,153,220,212,198,149,233,138,129,157,138,147,232,226,174,230,238,169,213,248,243,228,225,254,223,227,182,230,249,184,172,225,165,198,201,236,245,242,208,249,207,168,162,242,220,200,220,207,156,129,143,133,196,186,181,144,129,134,160,154,136,152,161,202,206,154,155,198,171,166,129,150,151,179,139,135,169,146,251,249,171,168,225,148,183,178,167,160,146,164,177,182,176,169,129,236,233,236,234,251,177,187,178,247,143,162,165,178,74,87,112,74,29,79,78,8,122,117,80,65,70,100,77,99,4,14,94,8,4,101,72,67,84,81,100,68,67,109,10,58,111,60,39,87,122,125,106,99,124,89,101,52,100,103,44,46,52,50,64,107,110,123,124,71,97,100,72,41,39,112,33,68,50,61,24,9,14,44,5,59,92,86,6,80,78,80,74,92,34,13,8,25,30,40,30,7,0,26,3,47,66,67,70,124,112,17,60,63,40,45,25,33,54,51,43,52,30,113,114,105,109,116,109,120,60,52,63,116,39,51,35,37,35,60,115,243,254,217,206,207,235,211,223,193,250,147,145,195,192,130,198,210,217,133,211,215,218,219,215,148,234,197,192,209,214,246,210,248,236,209,182,184,184,178,182,255,183,182,176,172,179,178,183,176,172,167,173,180,168,162,168,184,164,165,175,188,160,161,161,192,220,219,216,196,216,222,217,200,212,211,213,204,211,210,210,208,204,200,206,212,200,200,194,216,196,197,193,220,192,193,195,224,255,254,251,228,248,242,248,232,244,243,242,236,240,241,243,240,236,234,232,244,232,239,233,248,228,229,229,252,224,230,230,1,28,30,26,5,27,28,22,9,23,18,25,13,19,22,9,17,15,11,12,21,11,15,0,25,7,3,5,29,3,6,60,33,60,61,56,37,59,63,48,41,55,49,49,45,51,52,37,49,47,41,33,53,43,35,39,57,39,32,40,61,32,35,92,65,92,95,94,69,88,88,84,73,84,84,81,77,80,80,79,81,79,74,77,85,75,76,68,89,71,65,64,93,67,69,117,97,127,118,121,101,120,127,119,105,119,113,114,109,115,123,101,113,111,104,111,117,107,108,96,121,103,96,105,125,99,101,155,129,156,155,156,133,155,156,144,137,151,145,153,141,147,155,132,145,143,136,136,149,139,140,131,153,135,142,129,157,131,132,186,161,191,183,189,165,187,184,181,169,183,190,181,173,176,179,171,177,175,166,174,181,171,168,161,185,167,174,164,189,160,163,216,193,220,222,221,197,216,218,221,201,215,222,216,205,208,211,204,209,204,207,193,213,203,207,199,217,199,206,194,221,192,195,248,225,255,246,251,229,248,250,240,233,247,243,246,237,243,250,235,241,236,237,235,245,235,238,229,249,228,227,226,253,224,225,29,2,30,17,16,6,25,21,19,10,21,17,18,14,17,12,14,18,13,10,9,22,10,1,12,26,5,0,0,30,1,61,63,34,61,56,57,38,57,55,48,42,54,54,51,46,49,46,42,50,45,43,47,54,41,32,39,58,37,34,38,62,34,90,88,66,93,90,92,70,89,87,85,74,85,83,83,78,81,79,75,82,77,75,79,86,74,71,69,90,70,67,67,94,66,126,117,98,126,123,125,102,121,113,112,106,117,117,114,110,113,104,111,114,109,108,104,118,105,97,100,122,102,104,99,126,97,158,156,130,157,154,157,134,153,151,156,138,149,147,149,142,145,140,143,146,141,141,138,150,137,135,130,154,133,131,131,158,129,184,185,162,189,189,188,166,189,168,179,176,171,185,179,174,181,168,177,174,179,175,181,162,183,165,185,174,166,188,165,167,191,221,223,194,221,208,197,220,219,200,212,215,203,211,208,206,209,202,209,204,201,212,200,205,215,198,197,218,207,200,221,202,198,224,251,252,227,249,229,250,231,245,244,234,243,241,237,240,251,240,236,238,243,225,245,232,232,248,230,230,251,226,228,254,234,26,2,30,24,30,6,28,18,9,17,19,12,21,17,15,8,12,18,12,0,21,9,12,24,6,15,27,1,1,4,31,62,56,34,60,62,37,62,61,40,48,51,43,52,49,46,53,46,49,45,45,52,40,43,47,56,36,38,47,60,32,35,33,64,89,86,67,93,92,70,94,82,73,82,94,76,88,85,79,78,68,82,73,72,85,78,79,88,68,68,91,69,72,94,71,123,97,122,125,100,126,126,103,114,112,106,113,120,109,122,111,105,113,111,110,96,117,109,104,120,99,111,123,104,99,126,100,149,129,151,158,132,144,155,135,149,150,138,144,140,146,144,143,143,133,146,137,138,149,143,141,152,135,142,155,130,136,158,129,191,161,191,190,188,165,179,185,168,178,183,171,184,185,174,187,169,177,169,170,180,160,168,183,167,164,186,160,163,189,170,171,192,212,218,195,217,217,221,199,213,213,223,203,209,208,210,207,205,205,201,211,203,192,214,195,199,217,206,192,220,198,192,223,250,225,254,227,249,249,251,231,245,245,245,235,241,241,250,239,237,236,239,243,225,238,246,239,224,249,224,239,252,233,229,255,21,29,3,16,17,6,19,28,9,30,30,12,24,22,15,11,8,18,8,0,21,13,9,24,13,3,27,5,7,30,0,56,33,56,61,36,63,57,39,53,52,48,43,49,52,50,47,45,41,39,51,41,45,46,55,37,33,46,59,34,35,34,63,94,93,92,67,90,89,89,71,85,81,85,75,81,82,83,79,77,72,74,83,73,74,67,87,69,71,78,91,65,68,68,95,125,126,121,99,121,112,126,103,117,113,114,107,113,116,117,111,109,104,104,115,106,107,105,119,101,96,102,123,97,98,102,127,157,152,152,131,154,152,147,135,149,145,150,139,145,148,155,143,141,136,139,147,137,141,142,151,133,129,130,155,129,133,135,159,189,184,190,163,185,189,185,167,182,182,176,171,178,181,177,175,174,169,171,179,170,173,174,183,166,160,163,187,162,164,167,191,222,217,219,195,218,221,223,199,214,208,210,203,210,212,211,207,206,201,207,211,202,205,194,215,198,192,195,219,194,196,195,223,254,249,251,227,250,253,255,231,246,246,246,235,242,243,246,239,238,239,234,243,234,234,232,247,230,225,238,251,226,227,229,255,31,28,27,4,24,30,30,8,20,17,21,12,16,22,23,16,12,9,10,20,8,3,11,24,4,5,0,28,3,1,4,32,60,56,58,36,56,61,63,40,55,53,54,44,51,50,48,48,44,42,40,52,43,47,46,56,39,36,33,60,35,38,39,64,95,90,94,68,91,91,89,72,87,85,86,76,83,83,85,80,79,78,71,84,75,73,77,88,68,67,69,92,67,67,70,96,127,124,119,100,123,126,127,104,119,114,113,108,115,112,116,112,111,106,109,116,107,110,108,120,103,99,101,124,96,97,103,128,156,157,156,132,155,154,158,136,151,148,146,140,147,147,150,144,143,138,141,148,139,137,140,152,135,135,143,156,128,134,128,160,188,189,184,164,187,190,178,168,183,179,182,172,179,178,181,176,172,169,166,180,171,171,172,184,167,166,163,188,163,162,166,192,220,215,215,196,219,218,219,200,215,211,213,204,211,209,214,208,207,206,204,212,203,200,202,216,196,206,197,220,195,195,202,224,255,250,250,228,251,248,250,232,247,242,246,236,240,244,246,240,236,232,237,244,235,232,227,248,231,226,238,252,224,235,234,1,31,25,31,5,24,26,17,9,20,19,25,13,19,27,8,17,15,11,0,21,11,15,2,25,7,3,6,29,3,7,52,33,63,56,62,37,59,60,51,41,48,48,44,50,53,47,40,49,44,47,52,46,43,55,37,45,58,38,35,61,35,63,91,88,66,89,68,95,70,90,85,73,87,83,76,83,78,84,75,81,76,71,84,74,75,87,69,76,90,79,92,67,67,95,121,97,127,125,123,101,123,121,115,105,116,115,108,115,114,111,110,104,114,109,108,117,104,107,120,108,99,123,97,101,126,98,155,129,156,150,132,156,146,135,151,156,138,146,145,141,155,149,144,140,140,141,148,136,138,137,152,135,135,155,132,129,158,135,190,161,187,190,164,189,190,167,177,189,170,177,176,173,187,181,176,172,178,172,173,181,174,163,184,160,167,187,166,160,190,163,192,216,215,195,221,220,198,223,208,201,210,222,204,213,211,207,196,202,210,199,203,213,194,206,216,205,195,219,193,192,199,223,253,252,252,227,249,251,254,231,245,244,243,235,247,249,238,245,232,241,230,230,244,239,236,247,236,225,250,226,252,230,229,255,27,23,3,31,31,6,28,20,9,21,16,12,18,21,15,10,11,18,9,14,21,13,2,24,13,4,27,9,5,30,2,59,33,56,54,36,63,50,39,60,54,42,48,49,45,59,51,48,36,46,51,32,46,54,34,38,57,36,35,60,35,62,32,92,65,89,88,68,81,90,71,93,93,74,86,82,82,78,82,76,77,82,78,73,77,86,79,69,89,65,69,92,64,66,67,96,124,126,122,100,120,123,123,104,114,106,116,108,112,114,115,112,100,104,115,105,105,99,119,101,101,110,123,105,103,126,102,157,129,159,158,144,133,155,153,148,137,159,158,140,144,146,144,144,140,140,141,148,136,139,141,152,132,134,142,156,137,135,159,189,191,189,163,185,184,188,167,181,183,179,171,182,178,174,176,169,177,168,174,180,168,170,163,184,164,162,165,188,160,160,171,192,220,219,220,196,216,217,219,200,212,210,223,204,211,210,208,208,204,200,207,212,200,201,203,216,196,195,196,220,192,199,192,224,252,253,253,228,248,254,249,232,244,243,246,236,240,244,240,240,236,234,238,244,232,239,227,248,228,227,230,252,227,231,225,1,28,26,24,5,27,30,17,9,23,18,19,13,19,22,12,17,15,11,1,21,11,14,5,25,4,6,8,29,3,7,60,33,63,60,49,37,59,62,48,41,55,51,48,45,51,59,44,49,47,42,42,53,40,41,35,57,36,34,37,61,32,33,89,65,95,88,94,69,91,92,85,73,87,81,87,77,83,91,68,81,79,73,73,85,75,67,65,89,68,69,72,93,67,70,122,97,127,119,127,101,123,124,116,105,119,127,120,109,115,112,110,113,111,105,96,117,104,105,102,121,100,102,102,125,96,97,156,129,156,158,144,133,152,158,148,137,148,146,145,141,144,151,137,145,143,139,143,149,139,131,130,153,135,143,131,157,131,139,180,161,188,187,176,165,187,179,182,169,183,176,182,173,179,187,171,177,175,168,161,181,171,172,160,185,167,161,168,189,160,163,217,193,220,223,223,197,219,210,210,201,215,222,217,205,208,211,205,209,207,204,202,213,200,203,192,217,196,199,195,221,195,202,250,225,252,255,253,229,248,248,244,233,244,247,242,237,243,247,237,241,239,235,237,245,235,239,227,249,228,230,227,253,224,227,21,2,29,26,24,6,25,21,21,10,22,21,19,14,17,14,4,18,13,9,15,22,9,5,13,26,5,1,6,30,1,62,61,34,61,60,56,38,57,53,60,42,54,55,56,46,50,36,46,50,45,40,33,54,41,39,35,58,37,34,36,62,33,94,89,66,93,91,95,70,90,82,82,74,85,83,87,78,81,79,73,82,77,75,73,86,74,77,65,90,69,67,73,94,66,122,116,98,126,112,120,102,122,115,112,106,117,115,114,110,113,111,107,114,109,106,108,118,105,96,99,122,102,104,105,126,97,157,148,130,157,157,156,134,153,144,144,138,149,146,146,142,145,136,140,146,142,141,138,150,138,128,128,154,133,132,135,158,129,184,187,162,189,189,184,166,185,177,177,170,181,180,179,174,178,164,164,178,173,173,168,182,169,184,164,163,187,164,189,166,165,192,219,194,222,217,197,218,199,210,221,202,223,214,205,213,215,208,202,203,211,206,200,214,202,216,192,218,196,220,194,222,199,224,255,246,227,240,250,230,250,246,240,234,246,242,244,238,242,238,238,242,238,234,238,246,239,248,231,226,251,226,230,254,225,28,2,29,24,5,18,28,8,23,18,11,24,13,19,27,16,14,12,19,13,13,22,15,4,25,2,0,28,5,3,31,61,60,62,35,57,57,50,39,51,54,42,49,53,45,51,51,42,49,47,47,45,53,43,43,32,57,39,38,33,61,33,39,64,94,90,67,92,94,70,94,84,73,80,85,76,80,83,80,80,79,71,83,77,77,86,72,66,89,64,69,92,69,75,95,120,122,98,123,122,101,127,120,104,112,113,107,118,113,110,118,101,113,111,107,116,108,109,119,108,100,122,111,100,125,101,97,128,155,153,131,158,159,134,157,136,151,146,139,148,141,149,149,144,138,139,147,142,129,150,140,131,153,132,134,156,128,130,134,160,186,188,163,176,177,166,178,178,169,190,176,172,183,181,175,171,173,178,166,172,181,162,174,184,173,166,187,162,169,190,161,217,193,223,222,209,197,210,211,200,210,210,203,216,213,206,218,205,209,201,204,212,206,204,215,197,196,199,219,201,200,222,202,244,225,255,255,249,229,242,255,232,252,255,235,241,240,251,239,237,236,234,243,225,225,246,234,228,224,250,230,224,233,254,231,31,2,28,16,5,25,7,19,9,18,19,12,20,19,15,9,13,18,11,1,21,11,9,0,25,7,5,0,29,3,2,59,33,63,62,62,37,59,57,52,41,51,62,44,48,51,54,48,44,47,38,52,40,40,45,56,36,39,37,60,39,32,63,95,95,66,89,88,69,91,92,81,73,87,85,88,77,83,87,74,81,79,75,72,85,75,72,69,89,71,67,69,93,67,71,116,97,127,124,125,101,123,120,125,105,119,116,120,109,115,119,109,113,111,103,96,117,107,104,109,121,103,98,105,125,99,102,152,129,159,154,156,133,155,159,145,137,151,147,152,141,144,147,142,145,143,136,142,149,139,143,131,153,135,133,137,157,131,133,184,161,191,188,191,165,187,191,189,169,183,178,183,173,179,183,173,177,175,170,174,181,171,168,172,185,167,175,160,189,163,167,218,193,223,217,221,197,219,220,215,201,212,212,211,205,211,213,203,209,207,201,206,213,203,204,197,217,199,193,192,221,195,199,253,225,255,248,253,229,248,249,243,233,247,254,246,237,243,250,232,241,236,236,225,245,232,232,236,249,228,228,231,253,224,224,27,2,30,16,25,6,26,19,28,10,22,24,25,14,18,4,12,18,14,13,10,22,10,12,6,26,6,8,5,30,2,59,58,34,61,61,56,38,57,55,52,42,53,52,56,46,50,43,42,50,46,47,46,54,42,44,33,58,38,39,41,62,33,88,95,66,93,91,94,70,90,93,80,74,85,80,85,78,82,69,74,82,78,75,76,86,73,68,68,90,69,65,68,94,66,127,127,98,126,123,126,102,121,113,112,106,118,121,120,110,114,101,104,114,110,97,106,118,106,109,102,122,101,97,105,126,98,149,153,130,158,156,156,134,154,157,148,138,150,152,150,142,145,141,142,146,141,137,142,150,137,133,133,154,134,133,135,158,130,180,184,162,190,191,190,166,186,188,182,170,182,183,184,174,178,168,164,178,174,172,175,182,170,161,173,186,165,164,166,190,161,221,220,194,221,219,221,198,217,215,211,202,214,214,208,206,209,200,206,210,205,202,193,214,201,192,193,218,197,195,199,222,193,248,249,226,253,253,252,230,250,247,240,234,246,243,240,238,241,238,229,242,237,234,237,246,233,231,226,250,229,227,231,254,225,31,26,3,25,30,19,7,22,17,30,11,18,20,22,15,14,9,7,19,10,13,3,23,5,12,1,27,2,5,4,31,62,62,62,35,58,61,56,39,54,54,50,43,50,50,53,47,45,37,42,51,41,47,40,55,37,44,38,59,34,34,42,63,94,94,92,67,89,94,70,90,85,73,87,82,76,86,78,84,79,81,78,83,73,73,86,73,70,89,64,91,65,64,94,65,117,97,120,123,100,126,120,103,125,105,119,117,108,112,110,113,110,113,105,109,116,108,110,119,102,100,122,100,124,98,101,127,157,155,130,153,132,152,153,135,149,156,138,149,150,141,144,154,144,133,137,147,129,139,150,143,133,153,132,130,156,133,133,159,191,180,162,187,177,165,190,188,168,176,181,171,181,177,174,177,174,177,173,172,180,172,173,183,162,165,186,164,162,189,166,160,192,217,220,195,217,217,210,199,213,213,214,203,209,208,218,207,203,209,203,202,212,207,203,215,193,198,218,196,201,221,199,196,224,254,247,227,251,251,230,250,241,233,243,244,236,248,238,246,238,241,232,237,244,239,235,247,225,227,250,229,225,253,229,228,1,22,30,4,17,31,7,18,16,10,16,19,13,20,26,16,11,10,19,9,11,22,10,0,25,1,15,28,4,30,11,32,60,61,35,57,56,38,50,48,41,55,51,44,51,52,47,46,44,50,45,33,53,43,45,56,45,38,59,40,38,62,43,84,65,86,94,68,88,91,95,72,92,82,75,82,80,78,81,72,81,70,74,84,65,75,87,77,64,90,70,65,70,94,66,124,126,98,123,123,101,123,121,104,116,118,107,113,113,110,114,110,113,111,111,109,117,107,107,99,121,103,103,100,125,99,99,155,129,159,159,153,133,158,155,136,148,150,148,140,144,144,146,144,140,142,143,148,136,138,143,152,128,135,155,132,134,158,135,181,161,187,191,164,191,188,167,181,183,182,171,177,179,180,175,173,175,172,179,169,168,172,183,165,165,175,187,161,160,171,191,217,213,194,222,208,197,216,219,200,212,214,222,204,208,208,212,208,204,205,206,212,200,206,202,216,196,194,199,220,195,194,196,224,252,252,247,228,248,254,255,232,244,245,255,236,240,241,245,240,236,235,231,244,232,232,227,248,228,229,226,252,224,224,234,1,31,22,16,5,27,18,18,9,20,21,21,13,16,23,5,17,12,14,8,21,8,11,13,25,4,7,8,29,0,2,57,33,63,58,49,37,59,63,51,41,52,54,50,45,51,54,42,49,47,42,33,53,43,47,37,57,39,35,36,61,35,32,90,65,95,90,89,69,91,94,87,73,84,85,80,77,83,91,79,81,79,72,72,85,75,77,64,89,71,64,68,93,64,67,126,97,124,127,124,101,120,121,125,105,116,117,120,109,112,112,105,113,108,108,108,117,104,104,103,121,100,100,98,125,96,96,149,129,156,156,144,133,155,157,145,137,151,159,151,141,147,155,138,145,143,135,138,149,136,143,133,153,132,132,135,157,128,135,187,161,191,184,191,165,187,188,178,169,183,177,176,173,179,180,165,177,175,168,171,181,171,172,162,185,167,175,168,189,160,167,219,193,220,219,223,197,216,219,220,201,212,214,212,205,211,208,205,209,207,204,200,213,203,201,205,217,199,197,200,221,195,202,248,225,252,255,250,229,248,250,240,233,247,254,243,237,243,250,232,241,236,239,236,245,235,232,227,249,228,231,231,253,224,227,31,2,29,25,17,6,25,20,21,10,21,17,19,14,17,13,9,18,13,8,0,22,10,13,3,26,6,9,7,30,1,61,59,34,62,49,63,38,57,54,52,42,54,57,52,46,49,45,45,50,45,42,43,54,42,33,38,58,37,32,37,62,33,93,88,66,93,89,80,70,89,85,84,74,86,87,86,78,82,79,74,82,78,78,75,86,74,66,68,90,70,70,65,94,66,122,122,98,126,126,127,102,122,114,112,106,118,118,117,110,114,107,108,114,109,106,111,118,105,97,97,122,101,98,100,126,97,159,152,130,158,159,157,134,154,147,147,138,150,151,147,142,145,136,137,146,141,140,142,150,137,134,140,154,133,132,132,158,129,191,180,162,189,188,186,166,185,176,179,170,181,178,180,174,177,175,164,178,173,172,172,182,169,167,160,186,165,164,161,190,161,223,223,194,221,220,222,198,217,208,220,202,214,216,209,206,212,200,209,207,206,201,213,203,203,195,217,192,195,220,198,195,223,251,253,226,249,241,229,251,231,241,233,247,243,236,240,242,243,240,228,230,243,233,233,246,235,248,236,250,225,233,253,227,225,27,2,30,26,25,6,26,22,17,10,22,18,19,14,17,11,17,12,10,20,11,8,23,6,4,26,5,3,29,11,3,32,63,56,35,57,58,38,58,55,41,55,53,44,51,54,47,45,37,50,42,45,53,40,41,56,33,38,59,36,36,62,32,88,65,95,95,90,69,91,89,84,73,87,87,80,77,81,85,80,72,73,83,73,73,73,87,64,65,90,67,70,93,71,75,96,121,126,99,121,121,122,103,117,116,117,107,113,112,123,111,110,105,114,110,104,111,118,106,101,97,122,101,103,125,99,98,157,129,159,158,155,133,146,135,149,151,148,139,145,147,150,143,136,141,146,142,138,140,150,138,133,140,154,143,128,157,138,133,160,186,183,163,191,190,166,189,178,169,176,178,172,182,183,175,170,177,169,175,180,161,171,183,172,172,186,175,168,189,165,165,192,218,222,195,209,216,198,218,212,211,202,208,214,205,218,219,208,197,200,211,201,193,214,202,198,217,199,193,220,201,202,223,250,244,226,253,255,229,242,251,232,252,246,235,247,249,238,250,238,241,239,233,244,235,227,247,230,226,250,230,226,230,254,225,21,2,28,16,5,27,27,22,9,18,18,12,18,16,15,15,9,18,6,13,21,9,2,24,1,3,27,6,29,2,31,56,33,60,35,59,61,38,56,49,41,50,50,44,54,55,47,45,44,38,51,41,41,40,55,32,44,58,38,33,38,62,34,93,92,66,94,89,92,70,90,85,93,74,94,87,77,83,82,77,81,79,78,79,85,75,75,67,89,67,65,92,64,67,64,96,124,124,120,100,120,123,121,104,116,116,118,108,115,113,122,112,111,109,106,116,104,110,107,120,100,101,97,124,96,97,96,128,156,157,157,132,152,153,157,136,151,150,148,140,144,150,144,144,140,138,138,148,136,142,138,152,132,130,135,156,128,135,134,160,188,187,188,164,184,185,186,168,180,180,190,172,179,179,179,176,175,174,171,180,171,170,163,184,167,167,164,188,160,164,160,192,220,219,218,196,216,223,210,200,212,210,222,204,208,214,218,208,204,202,205,212,200,207,203,216,199,196,198,220,195,198,192,224,255,250,248,228,248,254,251,232,244,240,247,236,240,244,240,240,236,233,236,244,232,237,233,248,231,229,238,252,224,228,227,1,31,24,30,5,27,28,20,9,23,17,24,13,19,26,12,17,15,9,8,21,11,13,3,25,7,1,1,29,0,0,60,33,60,61,48,37,59,50,55,41,52,54,55,45,48,55,46,49,44,43,41,53,40,47,36,57,36,35,39,61,35,42,93,65,95,88,81,69,88,95,80,73,87,80,88,77,83,90,76,81,79,71,64,85,75,67,70,89,71,64,65,93,67,75,127,97,127,119,127,101,123,125,113,105,119,126,120,109,112,114,100,113,111,102,110,117,107,98,97,121,100,102,96,125,96,98,156,129,156,159,154,133,152,154,144,137,151,148,153,141,144,145,142,145,143,134,139,149,136,139,129,153,135,142,131,157,131,133,191,161,191,185,191,165,187,191,180,169,183,179,183,173,179,183,170,177,175,171,173,181,171,175,160,185,167,162,161,189,163,166,220,193,223,219,209,197,216,219,221,201,215,222,213,205,208,209,207,209,204,206,192,213,200,203,193,217,196,199,195,221,192,195,245,225,252,255,255,229,251,254,242,233,247,254,240,237,243,245,238,241,236,236,234,245,232,233,236,249,228,229,230,253,224,224,31,2,29,28,24,6,25,23,18,10,21,19,22,14,17,8,14,18,13,11,15,22,9,0,5,26,5,3,5,30,1,63,58,34,61,60,49,38,57,48,61,42,53,53,51,46,49,46,41,50,46,32,44,54,42,44,32,58,38,37,37,62,34,89,91,66,94,80,88,70,90,92,85,74,86,88,86,78,82,68,75,82,77,77,75,86,73,64,65,90,69,67,71,94,65,121,124,98,125,124,125,102,121,113,117,106,113,119,109,118,114,112,104,111,115,108,111,118,111,103,121,99,96,124,101,99,127,152,158,130,155,154,133,158,157,136,145,146,139,148,149,142,148,133,145,140,137,148,140,150,130,152,135,143,155,129,131,133,159,189,191,189,163,176,185,166,179,179,169,190,177,172,185,183,175,164,169,178,166,169,181,163,171,184,173,175,187,162,168,190,164,192,223,217,195,219,217,198,210,200,208,211,203,212,212,206,214,205,209,199,201,212,200,200,201,216,196,198,197,220,192,194,192,224,252,251,227,250,252,230,255,232,240,234,246,240,247,238,245,234,241,232,231,244,232,234,226,248,228,230,239,252,224,227,230,1,31,30,28,5,31,25,8,19,22,11,19,23,14,22,13,17,8,15,20,12,10,23,5,7,5,27,4,0,30,0,62,33,59,59,36,56,56,60,40,51,53,43,53,48,46,54,42,49,45,51,32,40,54,35,44,57,33,47,60,40,62,43,90,65,86,88,68,94,95,71,93,80,74,80,89,77,85,87,80,68,76,83,73,72,72,87,67,70,90,79,72,93,68,74,96,124,119,99,127,121,102,115,125,105,126,114,108,121,123,111,105,100,114,105,107,117,104,107,120,103,97,123,98,103,126,97,153,129,156,155,132,154,155,135,151,149,138,149,153,141,154,154,144,140,140,140,148,136,138,136,152,140,142,155,129,128,133,159,189,188,187,163,185,185,191,167,181,180,191,171,179,183,174,182,168,177,170,173,180,173,169,183,173,164,186,166,161,169,190,170,218,193,223,223,208,197,219,217,208,201,223,209,204,208,211,218,208,201,199,211,207,203,214,206,199,217,196,192,220,194,195,223,249,255,226,250,241,229,255,243,232,240,241,235,241,243,247,239,237,236,235,243,233,233,227,247,229,231,230,251,225,224,229,255,28,29,29,4,24,19,24,8,20,21,16,12,16,22,27,16,12,13,14,20,8,15,12,24,4,4,14,28,0,1,5,32,60,59,54,36,56,63,60,40,52,53,50,44,48,55,52,48,44,42,46,52,40,40,34,56,36,37,38,60,32,32,43,64,92,93,90,68,88,89,90,72,84,82,94,76,83,83,86,80,76,77,79,84,72,79,76,88,68,66,66,92,64,70,74,96,127,122,120,100,123,126,120,104,119,119,113,108,115,112,112,112,111,108,109,116,107,104,106,120,103,100,103,124,99,96,100,128,159,156,153,132,155,152,158,136,148,144,146,140,144,155,146,144,140,136,140,148,136,140,141,152,132,129,128,156,128,139,130,160,188,184,186,164,184,178,188,168,183,181,181,172,179,182,177,176,175,173,167,180,171,169,162,184,164,163,174,188,160,165,165,192,220,216,223,196,216,210,223,200,212,208,215,204,208,212,208,208,204,204,198,212,200,194,203,216,196,192,193,220,192,203,195,224,255,250,247,228,251,251,249,232,247,247,247,236,243,247,246,240,239,235,235,244,235,239,232,248,231,227,229,252,224,235,235,1,28,31,30,5,24,26,20,9,23,30,23,13,16,19,10,17,15,6,10,21,11,8,7,25,7,14,5,29,0,3,58,33,60,61,58,37,56,59,48,41,52,55,56,45,48,51,46,49,44,47,45,53,40,42,34,57,36,38,38,61,32,33,92,65,95,86,90,69,88,89,87,73,84,87,89,77,80,82,68,81,76,78,73,85,75,79,77,89,71,78,66,93,64,66,125,97,124,125,123,101,120,122,113,105,119,127,113,109,115,123,109,113,111,106,96,117,107,110,99,121,103,98,102,125,99,101,159,129,159,153,154,133,155,157,149,137,151,145,144,141,147,149,139,145,140,141,143,149,136,142,135,153,132,133,133,157,128,128,190,161,188,186,189,165,184,190,183,169,180,180,177,173,176,182,175,177,175,168,172,181,171,172,162,185,167,160,162,189,160,167,216,193,220,219,223,197,216,217,221,201,212,211,213,205,208,208,197,209,204,203,203,213,200,207,194,217,196,197,197,221,192,192,245,225,252,251,253,229,248,248,241,233,244,243,246,237,240,246,232,241,236,235,235,245,232,239,236,249,231,239,224,253,229,231,1,31,30,25,5,27,27,19,9,16,19,12,22,19,15,11,13,18,9,1,21,11,23,1,25,7,3,28,0,2,3,32,52,54,35,57,57,38,59,40,60,42,49,57,45,51,49,42,49,47,45,40,53,43,41,32,57,39,37,34,61,43,35,64,84,95,67,80,92,70,94,85,73,85,87,76,80,86,79,68,68,82,77,72,85,75,77,88,71,79,91,66,73,94,75,96,121,124,99,124,124,102,127,115,105,127,113,108,117,116,111,104,109,114,108,109,117,110,104,120,100,102,96,124,101,102,127,153,148,130,156,145,133,153,159,136,148,151,151,140,149,142,145,132,145,135,139,148,129,130,151,130,132,154,129,131,157,135,129,160,184,187,163,189,190,166,186,181,179,170,178,182,173,183,178,176,169,171,179,171,170,182,170,166,162,186,174,169,189,163,161,217,193,223,221,222,197,219,218,220,201,209,209,204,214,214,207,203,197,210,200,202,213,194,202,216,194,195,219,198,221,193,203,224,254,252,227,254,240,230,252,245,233,241,241,236,246,251,239,234,232,242,238,234,245,237,234,248,236,231,251,233,227,254,235,24,2,24,31,5,18,18,8,28,23,11,24,16,14,17,11,17,9,19,10,12,22,9,2,25,7,7,6,29,10,3,32,53,56,35,48,59,38,58,52,61,42,54,49,54,46,50,45,44,50,44,44,53,43,43,56,36,36,59,40,61,35,39,64,92,92,92,68,88,90,94,72,84,86,83,76,80,82,83,80,68,71,83,75,65,86,74,68,66,90,70,66,64,94,66,126,120,98,126,121,122,102,122,116,116,106,118,114,112,110,114,110,109,114,110,106,105,118,109,101,121,96,102,124,99,96,127,157,155,130,154,159,133,159,157,136,147,149,139,150,147,142,146,141,142,146,142,137,140,150,138,134,140,154,134,130,137,158,130,184,189,162,190,177,176,166,186,176,189,170,182,178,185,174,178,168,164,178,174,173,161,182,170,160,166,186,166,165,165,190,162,217,219,194,221,216,222,198,217,213,212,202,213,208,212,206,210,197,203,210,206,202,193,214,202,199,204,218,198,197,200,222,193,252,245,226,254,253,249,230,250,241,247,234,246,244,244,238,241,237,239,242,238,235,239,246,234,231,228,250,230,229,224,254,225,28,26,3,25,29,27,7,21,16,19,11,17,21,18,15,13,14,9,19,9,15,12,23,5,2,1,27,1,9,3,31,62,62,61,35,58,58,59,39,53,51,63,43,49,57,49,47,46,47,38,51,42,43,45,55,37,35,36,59,33,41,43,63,93,85,86,67,89,80,91,71,86,86,94,75,81,86,80,79,77,75,76,83,73,65,73,87,70,65,68,91,65,73,71,95,125,123,122,99,121,127,121,103,117,115,112,107,114,116,115,111,109,107,104,115,105,96,106,119,101,98,103,123,97,102,96,127,157,149,151,131,153,158,152,135,149,146,150,139,146,149,150,143,142,136,140,147,138,137,142,151,134,133,142,155,129,131,139,159,190,189,190,163,186,184,187,167,182,180,182,171,178,176,177,175,174,168,175,179,170,168,173,183,166,165,161,187,162,160,164,191,222,223,223,195,218,217,216,199,214,215,215,203,210,208,213,207,205,201,206,211,202,203,202,215,197,204,196,219,193,197,199,223,253,244,250,227,250,248,250,231,245,252,255,235,241,248,240,239,238,237,231,243,234,233,234,247,230,229,224,251,225,233,226,255,28,25,23,4,24,31,18,8,20,19,31,12,16,23,20,16,12,11,9,20,11,9,15,24,7,4,15,28,0,4,2,32,63,58,61,36,59,56,61,40,55,50,48,44,51,54,51,48,47,44,42,52,43,46,35,56,39,35,35,60,32,36,42,64,95,91,93,68,91,89,90,72,87,85,82,76,83,80,84,80,76,76,70,84,72,79,72,88,68,65,79,92,64,69,68,96,124,121,121,100,120,114,120,104,116,126,117,108,112,122,114,112,108,102,111,116,104,98,108,120,103,98,97,124,99,102,101,128,159,155,158,132,155,159,159,136,151,146,149,140,144,154,154,144,143,141,135,148,143,150,138,131,153,135,128,156,128,135,159,181,161,188,190,164,185,166,189,188,169,190,177,172,182,182,175,174,170,178,174,171,181,169,171,184,167,161,187,168,189,161,162,192,218,194,214,216,197,219,219,200,212,212,210,204,208,208,214,208,197,200,211,192,204,214,195,192,217,207,198,220,200,194,223,244,244,226,247,240,229,243,254,232,252,242,235,249,242,238,250,238,241,231,230,244,235,233,247,225,228,250,227,228,253,227,227,30,2,30,26,26,6,26,20,20,10,22,16,19,14,16,9,17,8,13,20,15,11,23,1,3,26,6,1,6,30,10,59,33,55,55,36,58,61,39,55,48,42,54,50,54,46,55,36,49,45,45,52,47,40,55,37,39,38,59,37,37,62,38,85,65,91,91,68,88,91,92,72,80,87,75,84,82,78,87,68,81,74,71,84,72,75,79,88,68,68,65,92,64,71,95,120,122,98,123,123,101,122,103,115,105,112,107,117,109,118,111,109,108,114,110,104,117,99,119,108,121,103,98,124,96,102,127,157,158,130,150,159,133,146,157,136,146,150,139,152,152,142,154,137,145,134,140,148,139,136,151,140,153,132,135,156,131,135,159,189,191,187,163,185,187,190,167,181,181,190,171,178,184,174,182,173,177,171,170,180,171,162,183,167,160,186,164,164,189,161,160,192,222,220,195,219,208,198,216,220,201,213,208,204,208,208,210,208,206,202,211,207,213,201,215,192,197,218,195,199,221,198,197,224,249,251,227,252,253,230,254,245,233,243,247,236,245,251,239,237,239,239,243,233,232,233,247,225,225,250,230,224,226,254,226,28,29,3,25,25,30,7,21,21,16,11,17,16,26,15,13,12,6,19,9,9,2,23,5,7,5,27,6,0,30,2,62,56,34,62,60,57,38,58,55,54,42,54,57,51,46,50,40,36,50,46,43,40,54,42,33,37,58,38,36,41,62,34,95,95,66,94,91,91,70,90,81,81,74,86,84,80,78,82,69,78,82,78,79,75,86,74,71,69,90,70,67,71,94,66,127,117,98,125,121,121,102,122,119,118,106,118,117,115,110,114,104,107,114,110,109,107,118,105,96,109,122,101,101,101,126,97,157,148,130,157,153,145,134,153,149,146,138,149,145,151,142,145,142,142,146,141,138,139,150,137,134,132,154,133,130,129,158,129,190,186,162,189,186,191,166,185,182,176,170,181,178,181,174,178,171,172,178,174,174,160,182,170,162,163,186,166,166,164,190,162,218,218,194,221,219,221,198,218,210,208,202,214,214,214,206,210,203,207,210,206,207,204,214,202,204,192,218,198,198,196,222,194,244,245,226,254,240,241,230,250,240,252,234,246,247,246,238,242,234,238,242,238,224,234,246,233,224,224,250,229,227,226,254,225,24,31,3,25,29,28,7,21,18,21,11,17,22,16,15,13,10,11,19,9,13,11,23,5,13,2,27,1,6,6,31,62,60,61,35,58,57,57,39,53,60,50,43,49,56,53,47,45,40,41,51,42,42,44,55,38,33,32,59,34,34,39,63,94,95,87,67,90,90,82,71,86,85,82,75,82,81,81,79,77,68,76,83,74,73,72,87,70,69,70,91,65,66,64,95,125,116,125,99,122,120,127,103,117,124,114,107,113,120,112,111,110,108,104,115,106,104,108,119,101,108,110,123,98,97,107,127,157,153,151,131,154,157,146,135,150,148,146,139,146,147,146,143,141,132,134,147,137,140,139,151,133,130,128,155,129,137,128,159,189,187,189,163,185,191,184,167,181,179,183,171,177,183,178,175,173,171,169,179,169,175,172,183,165,163,163,187,161,167,166,191,221,218,223,195,217,222,218,199,213,211,223,203,209,215,218,207,206,206,200,211,202,202,203,215,198,193,207,219,194,197,199,223,253,250,247,227,249,254,255,231,245,242,241,235,242,244,240,239,238,233,230,243,234,237,239,247,230,225,226,251,226,227,230,255,31,26,29,4,27,30,30,8,23,18,16,12,19,16,19,16,15,11,11,20,11,9,15,24,7,3,5,28,0,5,11,32,61,34,62,57,37,56,58,40,55,51,43,55,48,46,58,48,47,45,51,46,33,54,44,39,57,32,36,60,38,62,32,64,92,66,94,68,91,92,71,86,73,94,86,76,80,80,84,80,76,76,76,84,65,74,87,76,66,90,79,70,93,74,70,96,117,122,99,113,120,102,114,116,105,126,126,108,121,122,111,101,104,114,102,108,117,99,104,120,109,122,99,98,125,102,100,128,158,152,131,157,145,134,159,148,137,146,151,140,146,144,143,141,141,142,147,137,136,130,151,133,133,128,155,131,134,158,128,181,161,186,187,164,189,189,167,177,178,170,180,183,173,180,179,176,171,174,179,170,168,182,175,173,185,165,162,188,164,167,191,221,223,221,195,219,219,198,222,212,201,211,210,204,215,210,207,207,201,210,203,192,213,206,195,216,192,192,219,193,195,198,223,251,251,226,247,248,229,251,231,246,233,247,246,244,237,245,241,240,234,230,243,239,237,246,237,236,249,239,228,252,230,227,255,28,30,3,27,29,6,24,18,9,23,20,12,16,16,15,13,4,18,14,0,21,11,12,24,4,0,27,2,2,30,1,62,33,54,63,36,48,58,39,61,48,42,50,53,45,55,50,48,47,42,51,43,40,54,40,36,57,36,46,60,41,43,63,93,93,87,67,89,89,88,71,85,87,74,86,80,77,91,91,80,76,78,75,84,64,77,87,64,64,90,65,92,65,94,71,96,127,98,124,124,101,121,126,104,113,115,107,119,115,110,114,110,111,114,102,111,117,107,106,96,121,103,101,103,125,99,99,157,129,159,158,156,133,159,152,136,148,151,148,140,144,147,155,144,140,140,143,148,136,136,143,152,132,132,131,156,135,129,159,189,191,187,163,185,184,190,167,181,180,180,171,177,181,179,175,173,169,169,179,169,160,168,183,166,165,161,187,162,160,166,191,222,221,223,195,218,216,216,199,213,220,223,203,210,208,212,207,206,207,206,211,202,203,203,215,198,197,193,219,194,192,195,223,254,253,251,227,249,254,254,231,245,240,255,235,241,242,247,239,237,233,230,243,234,233,226,247,230,229,228,251,226,224,230,255,28,23,22,4,24,19,24,8,23,22,17,12,19,19,27,16,12,10,11,20,8,15,11,24,7,4,4,28,0,7,7,32,60,59,61,36,56,63,50,40,52,49,55,44,48,53,54,48,44,40,47,52,40,45,41,56,39,37,47,60,35,34,32,64,95,94,88,68,88,92,83,72,84,80,83,76,80,84,90,80,76,72,71,84,72,76,79,88,71,69,78,92,64,69,66,96,124,120,127,100,120,125,127,104,116,126,117,108,112,122,113,112,108,106,105,116,104,99,106,120,100,110,96,124,96,106,102,128,156,152,152,132,155,158,159,136,151,149,151,140,147,151,147,144,143,141,138,148,139,137,140,152,135,133,131,156,131,131,130,160,191,191,186,164,187,186,178,168,180,176,190,172,176,182,176,176,172,170,175,180,168,168,163,184,167,164,175,188,163,163,161,192,220,215,221,196,216,211,220,200,215,212,212,204,211,210,212,208,204,205,200,212,203,200,203,216,196,207,206,220,195,194,192,224,252,250,254,228,251,251,242,232,247,247,243,236,243,242,251,240,239,239,232,244,235,232,232,248,231,231,225,252,227,224,226,1,31,27,17,5,27,18,18,9,20,22,24,13,19,26,9,17,12,14,11,21,8,10,1,25,4,5,2,29,0,2,52,33,63,58,63,37,56,59,55,41,52,52,52,45,48,55,42,49,44,44,43,53,43,45,36,57,36,37,38,61,32,32,89,65,92,92,89,69,88,89,81,73,84,84,89,77,83,80,73,81,79,76,73,85,72,73,76,89,68,69,68,93,64,64,123,97,124,124,126,101,120,121,112,105,119,112,121,109,112,119,106,113,108,107,104,117,104,105,108,121,100,99,102,125,99,107,158,129,159,153,144,133,155,147,148,137,148,149,148,141,147,150,141,145,143,139,143,149,139,131,128,153,135,142,129,157,131,138,188,161,191,183,177,165,184,191,189,169,183,179,172,177,174,183,176,169,178,173,168,181,173,171,184,173,174,187,166,169,190,162,218,193,223,223,219,197,211,210,200,210,212,203,215,216,206,212,196,209,201,200,212,206,204,215,204,198,218,207,194,221,202,194,224,252,255,227,249,251,248,231,245,247,242,235,248,244,238,251,232,241,231,238,244,224,234,247,236,236,250,239,232,253,235,230,1,23,27,4,16,25,7,29,23,10,30,25,13,27,27,16,8,13,19,12,8,22,14,5,25,2,5,28,2,0,31,61,61,62,35,57,56,50,39,53,53,48,43,49,49,53,47,46,41,50,44,45,53,46,44,56,32,36,59,36,32,62,32,95,65,95,94,92,69,88,91,72,81,86,75,85,81,78,86,79,81,77,77,84,74,72,87,66,71,90,65,66,93,67,65,125,97,127,126,100,127,122,103,112,113,106,114,114,109,118,119,112,101,105,115,104,117,107,104,120,97,99,123,100,100,126,101,128,152,130,155,132,152,155,135,149,149,138,158,140,153,142,146,137,145,143,139,148,136,137,151,133,135,154,134,137,157,138,130,160,180,186,163,177,187,166,179,188,169,176,191,172,179,179,175,165,177,172,168,180,160,175,183,172,161,186,174,160,189,171,163,192,212,222,195,217,219,220,199,220,214,202,214,209,208,206,210,204,196,210,206,201,204,214,207,192,217,199,199,220,192,192,223,255,250,226,252,254,229,254,248,232,241,244,235,244,240,238,247,236,241,234,232,244,237,236,247,224,224,250,227,228,253,231,226,1,27,31,4,24,27,18,8,20,20,22,12,16,19,23,16,12,12,13,20,8,11,8,24,4,6,4,28,4,11,31,63,52,34,58,63,37,51,50,40,52,62,43,50,49,46,53,45,49,40,47,52,40,35,47,56,36,47,36,60,32,43,33,64,92,87,86,68,88,83,83,72,84,95,80,76,80,91,85,80,79,78,76,84,75,74,73,88,71,70,70,92,67,66,67,96,127,126,120,100,123,122,125,104,119,118,114,108,112,119,114,112,111,107,107,116,107,110,99,120,103,102,110,124,99,98,107,128,159,159,154,132,155,155,159,136,151,151,148,140,147,147,145,144,143,143,134,148,139,139,131,152,135,135,128,156,131,131,133,160,191,188,188,164,187,184,185,168,183,180,182,172,179,176,179,176,175,172,168,180,171,168,173,184,167,164,162,188,163,160,167,192,223,221,222,196,219,217,219,200,212,209,214,204,208,212,214,208,204,200,201,212,200,205,206,216,199,197,196,220,195,198,198,224,255,253,246,228,251,249,253,232,244,243,245,236,240,251,242,240,236,230,237,244,232,236,235,248,228,239,230,252,224,229,228,1,31,23,30,5,27,28,29,9,20,19,23,13,16,23,4,17,12,14,12,21,8,11,12,25,4,3,9,29,0,7,52,33,60,58,61,37,56,62,48,41,52,50,51,45,48,54,46,49,47,44,41,53,43,40,36,57,39,37,41,61,35,33,84,65,95,92,93,69,91,88,80,73,87,84,83,77,83,80,78,81,79,76,65,85,75,72,76,89,71,68,71,93,67,64,122,97,127,123,123,101,123,127,118,105,116,118,121,109,112,115,105,113,108,109,107,117,107,98,109,121,100,102,98,125,99,103,152,129,159,156,144,133,155,158,148,137,151,158,146,141,147,154,133,145,140,141,138,149,136,139,132,153,132,134,133,157,128,130,187,161,188,190,184,165,184,186,189,169,183,179,181,173,179,180,171,177,175,172,175,181,171,173,166,185,167,161,161,189,163,165,220,193,223,217,223,197,219,221,210,201,215,209,213,205,211,213,200,209,207,200,201,213,203,204,196,217,199,193,201,221,195,197,244,225,255,248,253,229,251,252,240,233,247,240,243,237,243,244,238,241,239,232,225,245,235,236,236,249,231,224,231,253,227,228,27,2,30,16,26,6,25,17,16,10,21,21,16,14,17,8,5,18,13,12,11,22,9,0,1,26,5,5,3,30,2,52,57,34,62,62,59,38,58,61,53,42,53,51,50,46,49,47,37,50,45,42,53,45,55,37,37,46,59,33,33,36,63,91,92,66,88,88,69,92,82,72,83,94,75,87,84,78,84,72,81,73,76,84,78,72,87,67,76,90,64,72,93,69,68,96,122,120,99,112,122,102,115,118,105,126,118,108,121,114,111,109,109,114,102,104,117,107,105,100,121,103,101,102,125,107,98,128,148,158,131,144,144,134,147,156,137,159,146,140,152,150,143,133,142,146,134,138,149,131,130,152,140,142,155,137,134,158,138,186,161,191,191,187,165,187,187,182,169,183,183,177,173,179,179,172,177,170,167,180,174,171,183,162,162,186,166,160,165,190,162,221,220,194,222,217,217,198,218,212,220,202,214,208,217,206,210,205,200,210,206,201,205,214,202,197,198,218,198,193,195,222,194,253,244,226,254,249,241,230,250,245,242,234,246,241,247,238,242,238,238,242,238,234,235,246,234,230,228,250,230,226,225,254,226,31,25,3,25,27,28,7,21,23,19,11,21,17,14,21,10,17,9,6,20,15,2,23,4,25,4,1,28,7,30,4,32,52,56,35,62,63,38,51,61,41,62,62,44,55,58,47,43,37,50,39,47,53,43,40,56,44,46,59,40,35,62,42,89,65,86,91,68,88,82,71,86,82,74,82,89,77,84,80,80,79,78,83,74,78,86,73,66,89,68,66,92,67,70,95,127,124,98,124,120,101,120,114,104,119,126,107,115,116,110,112,104,113,109,108,116,106,104,119,103,108,122,100,104,125,97,100,128,158,152,131,156,154,134,159,150,137,146,150,140,144,144,149,144,140,143,143,148,128,130,151,133,135,134,155,129,129,135,159,185,188,162,187,191,165,190,178,168,180,183,177,172,176,176,181,176,172,174,174,180,168,170,170,184,164,164,167,188,160,160,161,192,212,215,195,208,222,198,218,214,212,202,214,209,213,206,210,206,206,210,203,193,213,203,204,216,199,197,197,220,192,203,192,224,252,247,253,228,248,243,242,232,244,255,255,236,240,251,244,240,236,231,233,244,235,234,232,248,231,230,229,252,227,226,226,1,28,31,24,5,24,27,19,9,20,23,22,13,16,19,9,17,12,15,12,21,8,10,5,25,4,6,0,29,0,3,53,33,60,63,48,37,56,58,49,41,52,54,52,45,51,54,42,49,47,42,44,53,43,46,37,57,39,35,39,61,35,38,93,65,95,90,95,69,88,89,87,73,87,94,85,77,80,81,77,81,79,76,78,85,75,76,67,89,71,79,67,93,67,69,120,97,124,127,125,101,120,123,113,105,116,116,112,109,112,113,101,113,108,109,96,117,104,104,97,121,100,100,100,125,96,96,159,129,156,156,154,133,152,152,157,137,148,148,152,141,144,144,139,145,140,140,142,149,136,143,135,153,132,131,130,157,128,135,189,161,188,187,184,165,184,191,179,169,183,176,177,173,176,183,165,177,172,174,175,181,168,171,173,185,164,162,160,189,160,167,213,193,220,219,208,197,216,222,209,201,212,210,212,205,208,214,207,209,204,202,202,213,203,200,197,217,199,196,192,221,195,193,245,225,255,253,240,229,251,248,241,233,247,244,244,237,243,240,239,241,239,236,234,245,235,232,237,249,228,231,233,253,227,229,25,2,30,30,27,6,26,16,22,10,22,20,19,14,18,8,12,18,14,12,9,22,10,0,2,26,6,4,7,30,2,56,56,34,62,60,61,38,58,49,52,42,54,53,49,46,50,40,36,50,46,44,33,54,42,33,32,58,38,37,37,62,34,89,94,66,94,93,91,70,90,81,92,74,86,85,89,78,82,73,74,82,78,77,79,86,73,71,66,90,69,66,70,94,65,127,123,98,125,122,112,102,122,114,114,106,118,120,118,110,114,106,104,114,110,110,111,118,105,102,103,122,101,100,104,126,97,159,155,130,157,157,153,134,154,147,144,138,150,153,152,142,145,140,140,146,142,143,141,150,138,141,132,154,134,133,136,158,130,185,184,162,190,191,191,166,186,188,182,170,182,184,179,174,178,164,172,178,174,160,169,182,170,172,162,186,166,168,167,190,162,212,216,194,222,208,221,198,218,221,212,202,214,217,209,206,210,196,196,210,206,192,193,214,205,195,217,192,193,220,199,199,223,250,249,226,248,249,229,253,251,232,243,255,235,241,249,238,242,236,241,232,243,234,225,246,234,231,249,225,238,252,233,225,255,26,25,3,26,29,6,25,28,9,23,11,21,13,16,15,15,13,18,13,12,21,11,3,24,12,4,27,1,5,30,10,32,63,54,35,57,57,38,62,48,41,52,49,44,57,54,47,36,45,50,40,32,53,45,41,56,44,33,59,41,39,62,34,92,94,66,94,88,91,70,90,84,84,74,86,80,81,78,82,76,74,82,78,72,79,86,74,68,64,90,70,64,69,94,66,125,124,98,126,121,121,102,122,116,124,106,118,112,121,110,114,109,104,114,110,105,109,118,106,101,102,122,102,97,99,126,98,157,148,130,158,153,145,134,157,148,137,147,159,140,148,151,143,137,140,146,138,141,149,140,138,152,132,132,128,156,136,139,159,189,191,187,163,188,185,166,179,181,169,190,176,172,183,186,175,168,168,178,171,173,181,172,183,161,185,162,187,161,160,190,162,220,193,215,195,208,197,219,222,200,212,210,203,209,210,206,210,206,209,207,198,212,200,194,215,197,194,218,198,198,221,192,192,224,250,251,227,250,252,230,254,243,233,242,254,236,243,244,239,238,232,242,237,236,245,233,234,248,230,230,251,226,232,254,225,21,2,28,29,5,25,31,8,22,21,11,19,19,14,16,5,17,13,7,20,10,13,23,7,3,26,3,3,29,3,2,63,33,58,35,58,37,62,60,40,49,48,43,52,52,46,55,40,49,43,46,52,44,42,55,32,44,58,35,40,61,39,38,64,88,90,67,93,90,70,94,86,73,83,94,76,84,90,79,73,74,82,74,78,85,76,72,88,67,68,91,70,64,94,69,124,97,127,123,120,101,123,121,124,105,119,115,113,109,115,112,108,113,111,102,96,117,104,106,98,121,103,110,102,125,96,99,157,129,159,152,155,133,155,152,146,137,151,148,147,141,147,144,132,145,140,143,140,149,139,130,135,153,132,133,133,157,128,135,181,161,188,190,184,165,184,187,189,169,180,183,184,173,176,178,169,177,172,174,172,181,168,170,167,185,164,166,162,189,160,162,213,193,220,222,208,197,216,218,211,201,212,214,214,205,208,209,207,209,204,205,202,213,200,201,197,217,196,197,192,221,192,193,251,225,252,253,254,229,248,249,241,233,244,245,244,237,240,240,237,241,239,232,238,245,235,237,224,249,231,225,232,253,227,234,29,2,30,31,28,6,25,23,22,10,21,20,20,14,17,15,4,18,14,14,0,22,10,3,7,26,6,6,0,30,2,52,63,34,62,61,63,38,58,51,51,42,54,56,56,46,50,43,37,50,45,45,41,54,41,37,35,58,37,34,35,62,33,89,92,66,93,93,89,70,89,80,92,74,85,84,89,78,81,73,72,82,77,77,77,86,73,65,70,90,69,69,67,94,66,127,124,98,126,123,121,102,122,118,124,106,118,114,121,110,114,111,104,114,110,107,109,118,106,103,102,122,102,99,99,126,98,159,148,130,158,155,145,134,154,151,146,138,150,147,151,142,146,133,133,146,142,129,139,150,138,141,134,154,134,137,134,158,129,190,188,162,189,185,188,166,186,176,176,170,182,180,176,174,178,169,172,178,174,161,173,182,170,173,172,186,166,169,162,190,161,222,223,194,222,208,218,198,218,211,220,202,214,213,211,206,210,201,196,210,206,205,193,214,202,193,194,218,198,197,199,222,194,250,254,226,254,254,251,230,250,242,244,234,246,246,241,238,242,234,234,242,238,238,239,246,234,226,224,250,230,230,229,254,226,26,31,3,25,30,26,7,21,19,31,11,18,21,23,15,13,11,13,19,9,10,11,23,5,6,3,27,1,6,0,31,61,58,55,35,57,62,50,39,53,50,49,43,49,54,52,47,45,37,45,51,41,33,40,55,37,45,39,59,33,41,34,63,93,85,89,67,89,81,92,71,85,93,83,75,81,89,86,79,77,68,79,83,73,64,74,87,69,77,79,91,66,66,67,95,125,124,126,99,121,121,126,103,114,112,106,113,116,109,117,114,112,106,110,115,110,96,118,109,108,121,97,98,124,102,102,127,155,158,130,152,154,133,157,146,136,146,158,139,151,150,142,148,138,145,134,140,148,129,136,151,140,132,154,143,128,157,138,132,160,181,184,163,186,190,166,185,181,169,180,181,172,178,179,175,164,164,178,169,161,181,163,174,184,172,164,187,165,169,190,161,213,193,218,217,196,218,211,199,221,210,202,222,204,210,206,210,204,205,210,206,200,204,214,204,199,217,192,194,220,192,194,197,224,252,254,250,228,248,250,255,232,244,247,246,236,240,243,243,240,236,238,230,244,232,234,227,248,228,231,226,252,224,227,231,1,31,30,27,5,27,26,22,9,23,22,25,13,19,18,4,17,15,14,15,21,11,10,2,25,7,5,3,29,3,1,62,33,63,61,57,37,59,57,52,41,55,53,55,45,54,51,48,43,46,51,44,33,54,35,34,57,33,38,60,32,62,33,85,65,89,67,80,91,70,92,80,73,94,80,76,88,87,79,68,69,82,73,76,85,77,75,88,66,68,91,70,93,69,71,96,122,121,99,113,125,102,115,115,105,119,117,112,109,122,119,112,110,110,115,106,111,118,110,98,121,96,101,124,99,101,127,158,155,130,157,157,133,152,159,136,150,151,139,147,145,142,145,133,145,140,135,148,138,143,151,135,129,154,132,131,157,129,129,160,190,183,163,187,177,166,184,179,169,181,177,172,181,177,175,168,175,178,171,169,181,174,171,184,164,166,165,188,168,164,191,213,218,194,222,216,216,198,218,214,208,202,214,209,216,206,215,197,209,202,202,212,204,207,215,205,205,218,198,192,194,222,202,251,225,255,253,254,229,248,248,232,244,255,235,245,247,238,245,239,241,232,237,244,239,235,247,226,229,250,230,233,229,254,226,20,29,3,25,16,24,7,21,28,31,11,17,24,26,15,13,4,9,19,9,0,12,23,6,5,5,27,2,1,0,31,62,61,63,35,58,57,58,39,53,49,48,43,49,56,54,47,46,47,42,51,42,42,42,55,38,36,39,59,34,32,34,63,94,93,87,67,90,89,82,71,86,84,83,75,82,80,86,79,78,76,77,83,74,72,72,87,70,68,79,91,66,64,74,95,126,124,121,99,122,120,124,103,118,119,117,107,114,115,112,111,110,111,111,115,106,107,106,119,101,109,98,123,98,97,101,127,158,157,157,131,154,155,158,135,150,150,151,139,146,146,146,143,142,143,135,147,138,139,130,151,134,134,131,155,130,130,134,159,190,190,189,163,186,186,184,167,182,182,191,171,178,178,186,175,174,174,169,179,170,170,172,183,166,161,165,187,162,165,160,191,222,217,223,195,218,221,218,199,214,209,209,203,210,213,212,207,206,201,203,211,201,193,204,215,197,205,192,219,193,201,193,223,253,245,246,227,250,253,242,231,246,247,240,235,242,244,246,239,238,232,235,243,233,236,227,247,230,229,228,251,226,224,230,255,31,31,25,4,24,25,27,8,20,21,30,12,16,21,18,16,12,9,10,20,8,9,9,24,4,5,14,28,0,1,11,32,60,61,56,36,56,57,61,40,52,50,52,44,48,54,49,48,44,42,46,52,40,46,43,56,36,34,32,60,32,38,37,64,92,90,90,68,88,94,95,72,84,83,86,76,80,87,83,80,76,74,70,84,72,78,67,88,68,67,66,92,64,71,71,96,124,123,124,100,123,122,125,104,119,116,117,108,115,115,115,112,111,110,111,116,107,107,108,120,100,96,100,124,96,107,98,128,156,152,158,132,155,152,156,136,151,149,159,140,147,150,145,144,143,139,141,148,136,140,131,152,132,133,131,156,128,128,139,160,188,184,182,164,184,188,179,168,180,177,178,172,176,181,183,176,172,169,172,180,168,173,169,184,164,161,174,188,160,165,171,192,220,217,216,196,216,221,221,200,212,222,212,204,208,218,209,208,204,198,206,212,200,194,203,216,196,206,192,220,192,202,197,224,252,246,250,228,248,242,255,232,244,255,246,236,240,251,243,240,239,234,235,244,235,238,233,248,228,227,251,225,224,254,226,24,2,26,4,30,27,7,29,20,10,17,25,13,19,21,16,15,11,19,11,8,22,10,6,25,7,7,1,29,3,3,61,33,57,55,36,62,61,39,51,51,42,63,51,45,58,49,48,37,47,51,32,41,54,35,35,57,46,33,60,41,39,63,84,89,66,86,89,69,83,91,72,93,95,75,88,89,78,90,73,81,77,83,64,72,86,74,69,70,90,64,67,93,75,75,96,116,121,99,113,127,102,122,116,118,106,118,112,115,110,114,108,108,114,110,104,105,118,106,100,98,122,102,96,103,126,98,156,152,130,158,152,157,134,154,149,148,138,150,145,145,142,146,140,132,146,142,136,129,150,138,133,128,154,131,129,157,139,129,160,180,190,163,185,184,179,167,181,180,190,171,177,176,181,175,173,172,168,179,169,171,169,183,165,167,164,187,161,163,163,191,221,223,222,195,217,219,221,199,213,215,208,203,209,211,215,207,205,207,202,211,203,213,200,215,197,217,198,219,199,221,196,223,249,225,250,227,254,240,230,252,241,233,240,255,236,246,245,239,237,232,242,238,225,245,235,232,248,228,226,251,225,225,225,255,20,31,3,17,27,6,19,17,9,17,16,12,25,27,15,5,12,18,7,9,21,8,14,24,7,4,27,5,3,30,6,60,33,61,62,36,58,58,39,54,60,42,53,56,45,49,54,48,46,42,51,43,42,54,40,38,57,37,46,60,34,42,63,95,90,66,92,94,69,94,88,72,81,84,75,84,80,78,87,76,81,74,72,84,77,76,87,64,64,90,67,68,93,67,67,125,97,127,126,125,101,123,121,113,105,119,119,113,109,115,114,104,113,107,107,116,109,106,119,97,103,122,102,97,96,126,98,157,152,130,158,153,159,134,154,150,144,138,150,144,144,142,146,141,142,146,142,137,140,150,138,134,132,154,133,128,135,158,129,191,187,162,189,187,189,166,186,189,188,170,182,185,185,174,178,165,170,178,174,161,175,182,169,164,166,186,165,160,163,190,161,220,220,194,221,216,217,198,217,212,210,202,213,208,215,206,209,204,200,210,205,200,205,214,201,197,196,218,197,193,193,222,193,252,244,226,253,248,241,230,249,245,240,234,245,241,245,238,241,237,238,242,237,233,235,246,234,224,227,250,230,228,233,254,226,25,23,3,25,29,31,7,21,17,19,11,17,20,23,15,14,15,15,19,9,0,9,23,6,7,1,27,1,9,0,31,61,58,55,35,57,49,59,39,53,51,52,43,50,49,49,47,46,45,41,51,42,43,34,55,38,38,35,59,34,34,38,63,94,94,93,67,90,90,88,71,86,86,95,75,82,82,90,79,78,78,73,83,74,74,76,87,70,65,69,91,66,69,64,95,126,121,127,99,122,125,122,103,118,113,113,107,114,117,116,111,110,105,107,115,105,111,99,119,102,97,97,123,98,96,103,127,158,156,159,131,154,157,146,135,150,144,147,139,146,148,150,143,142,136,141,147,138,140,136,151,133,134,135,155,129,130,130,159,189,191,183,163,185,187,178,167,181,182,179,171,177,178,182,175,173,174,173,179,169,170,168,183,165,166,175,187,161,162,170,191,221,222,217,195,218,216,219,199,213,211,212,203,209,215,214,207,205,201,207,211,201,205,202,215,197,193,193,219,193,197,196,223,253,249,251,227,249,253,254,231,245,240,247,235,241,244,242,239,237,233,231,243,233,237,226,247,229,224,227,251,225,228,230,255,28,27,28,4,24,31,25,8,20,19,30,12,16,23,27,16,12,11,8,20,8,15,13,24,4,0,4,28,0,4,1,32,63,61,54,36,59,56,62,40,55,53,51,44,51,48,52,48,44,40,42,52,40,34,46,56,36,33,38,60,32,36,43,64,95,94,90,68,91,89,88,72,87,83,86,76,83,81,86,80,76,73,74,84,72,76,75,88,68,67,79,92,64,71,65,96,124,121,120,100,120,125,125,104,116,126,116,108,112,122,113,112,108,102,110,116,104,98,107,120,100,110,96,124,96,106,101,128,156,150,154,132,152,146,159,136,148,159,150,140,144,155,147,144,140,134,134,148,136,130,131,152,131,129,155,134,135,158,133,185,161,184,187,164,190,187,167,179,181,170,182,185,173,183,175,171,177,173,174,180,168,168,183,163,167,186,175,162,189,165,171,192,220,218,195,218,220,198,218,200,213,202,213,208,205,209,211,208,206,210,202,200,213,200,203,216,197,218,196,192,221,202,197,224,252,255,249,228,248,251,255,232,252,243,235,249,245,238,250,239,241,231,237,244,224,227,247,237,237,250,238,231,253,235,229,1,31,31,27,5,27,27,22,9,23,23,17,13,19,19,12,17,15,15,15,21,11,11,2,25,7,7,5,29,3,3,56,33,63,62,57,37,59,58,52,41,55,55,57,45,51,51,36,49,43,39,52,47,42,55,34,36,58,34,39,61,39,36,64,88,95,67,89,88,93,71,85,85,83,75,81,83,81,79,72,75,82,75,75,85,78,78,88,64,78,91,72,66,94,75,123,97,127,125,124,101,121,103,118,105,119,107,112,109,117,111,106,113,107,115,108,117,107,106,120,100,102,123,105,125,106,127,157,152,130,158,156,133,155,152,136,157,151,139,147,144,142,149,143,145,139,134,148,136,140,151,134,134,154,133,130,157,128,130,160,191,190,163,186,190,166,185,178,169,180,178,172,179,182,175,175,172,178,172,168,181,168,162,184,167,174,187,163,164,190,160,216,193,221,220,196,216,216,216,200,212,214,203,209,211,206,208,203,209,205,201,212,205,201,215,192,199,218,195,193,221,198,195,224,249,249,227,252,255,230,255,241,233,242,243,236,244,243,239,233,237,242,235,225,245,238,227,248,224,227,251,229,229,254,230,30,2,26,26,5,31,18,8,16,30,11,17,16,27,15,13,15,15,19,9,8,14,23,5,7,5,27,6,0,30,0,63,33,63,54,60,37,59,50,49,41,55,63,48,45,51,55,46,49,47,44,33,53,43,41,44,57,39,46,40,61,35,42,85,65,92,92,89,69,88,89,83,73,84,87,80,77,80,83,75,81,76,79,78,85,72,75,65,89,68,71,68,93,64,66,125,97,124,126,120,101,120,123,125,105,116,119,120,109,112,114,105,113,108,110,108,117,104,106,103,121,100,102,98,125,96,98,149,129,156,158,144,133,152,154,147,137,148,150,150,141,144,145,143,145,140,141,138,149,136,137,133,153,135,132,136,157,131,133,190,161,191,184,188,165,187,179,180,169,183,177,181,173,176,176,173,177,172,170,169,181,168,169,173,185,167,161,167,189,163,170,220,193,223,215,220,197,219,211,211,201,215,208,211,205,211,213,205,209,207,199,206,213,203,206,199,217,199,193,197,221,195,202,252,225,255,247,251,229,248,254,247,233,244,245,241,237,240,241,237,241,236,235,238,245,232,239,225,249,228,227,228,253,224,230,28,2,29,29,25,6,25,16,28,10,21,20,25,14,17,9,8,18,13,13,13,22,9,1,6,26,5,5,3,30,2,63,60,34,62,59,57,38,58,54,60,42,54,50,57,46,50,47,40,50,46,43,45,54,42,39,38,58,38,35,35,62,34,95,84,66,94,81,92,70,90,93,92,74,86,89,87,78,82,69,69,82,78,65,75,86,73,68,69,90,70,68,65,94,66,120,127,98,126,124,127,102,122,125,114,106,118,121,117,110,114,101,105,114,109,105,104,118,106,108,97,122,102,105,97,126,98,153,152,130,158,157,157,134,154,145,150,138,150,149,147,142,146,137,132,146,142,141,129,150,138,129,130,154,134,133,135,158,130,186,190,162,190,190,187,166,186,178,180,170,182,182,177,174,178,170,170,178,174,174,175,182,170,162,160,186,166,166,165,190,161,216,219,194,222,222,223,198,218,215,215,202,214,211,209,206,210,203,200,210,206,207,205,214,202,195,198,218,198,199,195,222,194,251,244,226,254,255,241,230,250,243,242,234,246,247,247,238,242,228,238,242,238,224,235,246,234,236,228,250,230,232,225,254,226,21,25,3,25,17,28,7,21,29,19,11,17,25,22,15,13,4,15,19,9,0,10,23,5,13,15,27,1,9,10,31,62,57,34,62,57,56,38,58,52,50,42,49,52,45,53,50,48,42,46,51,46,32,54,45,44,57,33,34,60,38,38,63,91,94,66,88,90,69,93,82,72,82,94,75,87,86,78,84,74,81,70,76,84,65,72,87,76,68,90,79,64,93,74,68,96,117,120,99,112,124,102,115,112,105,127,118,108,120,114,111,100,100,114,109,106,117,105,107,120,100,111,123,98,101,126,106,158,129,159,157,158,133,147,147,136,156,159,139,149,141,148,144,144,142,139,147,139,129,150,143,141,153,128,132,156,130,133,159,185,180,162,190,184,191,166,178,189,169,176,176,172,182,179,175,173,173,166,179,169,168,175,183,165,164,162,187,161,160,161,191,221,220,220,195,217,216,211,199,213,212,222,203,209,208,213,207,205,204,200,211,201,203,201,215,197,199,196,219,193,195,195,223,253,255,254,227,249,251,253,231,245,247,240,235,241,243,247,239,237,239,234,243,235,245,232,247,229,249,230,251,231,253,228,255,24,2,23,26,5,29,31,8,18,22,11,25,19,14,20,11,17,15,10,20,8,3,23,5,6,26,0,3,29,5,6,32,53,57,35,48,59,38,61,61,41,48,48,44,57,59,47,43,44,50,45,44,53,47,47,56,33,46,59,34,36,62,33,88,65,93,94,68,90,90,71,86,92,74,85,88,77,81,86,80,78,74,83,75,74,86,72,70,89,69,78,92,66,74,95,127,122,98,124,126,101,126,120,104,113,116,107,116,112,110,119,108,113,106,104,116,109,108,119,96,96,122,99,100,125,103,98,128,152,158,131,153,155,154,135,149,151,144,139,145,147,145,143,141,143,137,147,137,139,137,151,133,132,133,155,133,136,158,128,181,161,187,184,164,184,184,189,168,180,180,177,172,176,179,183,176,172,175,175,180,168,168,170,184,167,165,174,188,163,161,166,192,220,215,221,196,216,211,210,200,212,223,223,204,208,219,212,208,204,199,201,212,203,202,200,216,199,198,197,220,195,194,194,224,255,254,255,228,251,250,252,232,247,246,241,236,243,242,246,240,239,238,235,244,235,235,234,248,231,231,231,252,227,226,234,1,28,31,16,5,24,26,17,9,20,22,20,13,16,18,15,17,15,12,15,21,8,10,1,25,4,3,7,29,0,7,63,33,60,62,62,37,56,57,55,41,52,53,50,45,48,49,45,49,44,45,40,53,40,41,35,57,36,37,38,61,32,33,89,65,92,93,92,69,88,88,85,73,84,84,80,77,80,81,69,81,76,77,64,85,72,72,65,89,68,68,68,93,64,64,127,97,127,120,113,101,123,114,112,105,119,126,118,109,112,112,107,113,108,108,110,117,104,111,103,121,100,99,98,125,96,103,157,129,156,155,152,133,152,159,147,137,148,147,150,141,144,151,137,145,140,139,140,149,136,142,133,153,132,130,128,157,128,135,181,161,188,187,176,165,184,190,177,169,180,178,180,173,176,182,175,177,172,170,170,181,171,168,165,185,167,164,160,189,160,163,219,193,223,214,219,197,216,219,214,201,215,222,213,205,211,208,207,209,207,202,203,213,203,200,205,217,199,196,198,221,192,193,249,225,252,250,253,229,248,248,244,233,244,244,244,237,243,247,239,241,239,237,224,245,235,226,228,249,231,239,228,253,227,231,24,2,30,28,29,6,26,17,20,10,22,21,17,14,18,8,4,18,14,12,1,22,10,1,0,26,6,5,5,30,2,57,62,34,62,61,59,38,58,49,60,42,54,53,57,46,50,41,42,50,46,45,47,54,42,34,38,58,38,38,35,62,34,90,92,66,94,94,89,70,90,82,82,74,86,86,87,78,81,72,78,82,77,74,64,86,73,71,68,90,69,69,68,94,65,127,123,98,126,126,113,102,122,115,125,106,118,119,117,110,113,110,100,114,109,109,104,118,105,97,101,122,101,100,103,126,98,148,148,130,158,157,158,134,154,145,146,138,150,152,147,142,146,132,140,146,142,128,137,150,138,140,130,154,134,136,135,158,130,180,184,162,190,176,189,166,186,189,180,170,182,185,177,174,178,164,164,178,174,160,161,182,173,163,185,160,161,188,167,167,191,218,217,194,216,217,197,221,219,200,211,223,203,214,217,206,212,201,209,205,211,207,213,206,215,194,217,198,219,200,221,197,197,224,250,246,227,240,251,230,249,247,233,247,240,236,243,245,239,233,241,239,233,244,232,232,234,248,228,231,228,252,232,226,255,21,23,3,16,17,6,18,17,9,31,19,12,24,17,15,5,15,18,6,1,21,3,3,24,12,1,27,9,7,30,2,60,62,34,62,56,59,38,58,52,52,42,54,48,49,46,50,44,42,50,42,45,53,43,43,37,57,32,46,60,39,43,63,93,92,94,67,89,89,83,71,85,85,94,75,81,80,87,79,77,76,74,83,73,72,73,87,69,68,68,91,65,64,75,95,125,124,118,99,121,120,125,103,117,116,112,107,113,115,113,111,109,111,108,115,105,107,107,119,101,103,102,123,97,99,101,127,159,154,130,151,152,133,146,157,136,150,138,149,140,144,142,147,144,138,146,137,148,140,150,143,152,132,135,155,129,129,158,138,160,181,162,190,189,165,187,191,168,180,181,171,177,179,174,178,165,177,175,167,180,168,173,183,165,163,186,175,169,189,170,164,192,213,214,195,208,216,198,217,211,201,209,203,210,212,206,209,202,209,207,206,207,213,194,202,216,205,194,219,200,195,222,192,249,225,246,254,228,240,242,231,245,244,242,235,241,240,242,239,237,236,230,243,233,232,233,247,231,237,250,228,233,253,229,255,30,2,27,24,5,30,28,8,17,16,11,20,20,14,23,8,17,11,14,20,12,10,23,0,12,26,3,8,29,7,6,32,56,58,35,61,58,38,62,54,41,51,62,44,52,58,47,41,42,50,42,46,53,44,40,56,35,36,59,38,32,62,34,92,91,66,94,91,88,70,90,80,84,74,86,84,88,78,82,79,77,82,78,65,65,86,73,69,67,90,70,73,71,94,65,124,124,98,126,123,113,102,122,119,114,106,118,115,119,110,114,111,108,114,110,109,108,118,106,96,101,122,102,103,103,126,98,153,154,130,157,152,145,134,153,148,156,138,149,146,147,142,145,141,138,146,141,137,141,150,138,129,140,154,134,133,132,158,130,184,187,162,190,188,177,166,186,179,181,170,182,181,180,174,178,168,172,178,174,173,168,182,170,160,164,186,166,163,167,190,161,222,218,194,221,219,223,198,217,215,220,202,213,210,213,206,209,206,196,210,206,205,205,214,202,195,196,218,198,198,197,222,194,251,252,226,254,255,249,230,249,247,240,234,245,242,249,238,242,229,233,242,238,225,239,246,233,231,226,250,229,227,231,254,225,25,29,3,26,29,24,7,22,17,23,11,18,21,18,15,14,9,9,19,10,13,12,23,6,1,3,27,2,5,6,31,62,56,63,35,58,60,58,39,54,49,63,43,50,53,58,47,46,40,43,51,42,44,46,55,38,32,37,59,34,36,32,63,93,94,95,67,89,90,90,71,86,85,86,75,82,81,84,79,78,77,77,83,74,73,77,87,70,69,69,91,65,72,65,95,125,126,119,99,121,124,123,103,117,118,113,107,114,113,116,111,110,109,104,115,105,96,110,119,102,103,100,123,98,97,99,127,157,148,158,131,153,145,158,135,149,145,147,139,145,149,150,143,141,136,143,147,137,140,138,151,133,129,143,155,129,133,138,159,189,184,187,163,185,188,190,167,181,176,181,171,177,180,176,175,173,168,167,179,169,172,162,183,165,160,161,187,161,164,164,191,221,219,221,195,217,223,216,199,214,208,212,203,209,213,211,207,205,201,207,211,201,207,204,215,197,195,195,219,193,199,198,223,253,250,255,227,249,254,250,231,245,243,255,235,241,247,250,239,237,234,235,243,233,238,238,247,229,226,229,251,225,230,224,255,28,25,22,4,27,25,18,8,20,30,30,12,16,23,20,16,12,11,8,20,8,2,9,24,4,14,6,28,0,10,3,32,60,54,56,36,56,50,61,40,52,62,50,44,48,58,55,48,44,39,46,52,40,35,43,56,36,46,46,60,32,42,43,64,91,89,67,92,69,91,95,72,84,83,75,81,88,78,80,80,79,77,83,78,65,86,67,66,89,65,67,92,64,74,95,125,125,127,99,121,121,123,103,115,125,106,112,119,109,117,117,112,101,109,115,96,107,118,99,101,121,110,103,124,105,101,127,148,155,130,151,157,133,146,159,136,156,151,139,153,145,142,155,133,145,134,135,148,128,143,151,133,133,154,133,132,157,134,159,185,184,162,182,176,165,187,185,176,169,191,177,172,176,178,178,176,175,172,179,172,168,182,168,163,185,163,167,188,165,165,191,217,212,194,222,216,221,198,221,200,214,212,203,212,210,206,208,201,209,207,206,205,213,201,203,216,195,196,219,197,196,222,199,244,225,251,254,228,250,243,231,245,244,254,235,248,247,238,251,236,241,239,237,233,245,235,233,228,249,231,229,231,253,227,225,27,2,30,26,28,6,26,22,17,10,20,12,19,14,18,16,13,18,8,20,15,22,3,12,25,14,27,3,9,30,0,62,33,55,35,48,37,59,62,40,52,50,43,49,50,46,50,46,49,47,38,52,40,34,55,37,34,58,38,38,61,32,32,64,95,92,67,94,92,70,82,87,73,94,81,76,88,87,79,75,73,82,72,78,85,67,79,88,77,69,91,71,70,94,65,116,97,120,125,100,122,126,103,117,116,118,107,113,112,119,111,104,108,114,102,96,117,107,107,100,121,103,102,98,125,99,98,156,129,157,155,132,157,153,135,144,148,138,147,146,141,154,148,144,142,140,147,140,136,150,138,134,131,154,129,131,157,135,129,160,188,191,185,164,191,189,167,177,180,170,190,179,173,182,181,176,171,172,179,160,174,182,168,161,185,160,166,188,166,164,191,218,213,194,217,219,197,223,216,200,215,213,222,204,211,209,214,208,204,199,205,212,200,195,194,216,196,207,207,220,192,203,196,224,252,247,249,228,251,250,248,232,247,246,245,236,243,242,242,240,236,234,230,244,235,232,237,248,231,228,239,252,227,226,230,1,28,31,28,5,24,26,21,9,20,22,16,13,19,23,12,17,12,10,11,21,8,14,7,25,7,4,9,29,0,7,52,33,60,58,60,37,56,63,50,41,52,51,48,45,48,50,46,49,44,46,43,53,40,41,39,57,39,47,41,61,35,39,90,65,95,91,94,69,91,83,85,73,87,81,87,77,83,84,69,81,79,71,72,85,72,72,69,89,71,64,72,93,67,68,124,97,124,125,112,101,123,121,125,105,119,114,115,109,115,112,104,113,111,108,108,117,107,98,96,121,103,110,102,125,99,101,157,129,159,153,155,133,155,156,146,137,151,144,153,141,147,155,133,145,140,139,136,149,139,131,141,153,135,129,133,157,131,139,186,161,191,183,190,165,187,190,189,169,183,191,183,173,179,180,175,177,175,167,173,181,168,174,161,185,164,165,167,189,160,166,223,193,223,219,208,197,216,218,209,201,212,214,212,205,208,211,197,209,204,203,203,213,203,194,192,217,196,198,194,221,192,194,253,225,252,255,253,229,248,251,244,233,244,247,247,237,243,247,235,241,236,237,238,245,232,238,230,249,228,229,229,253,224,225,26,2,29,27,26,6,25,22,20,10,21,16,24,14,17,14,15,18,13,9,11,22,9,5,5,26,6,5,9,30,1,60,52,34,61,57,58,38,57,52,50,42,53,49,56,46,50,40,41,50,46,32,40,54,42,44,36,58,38,39,40,62,34,84,94,66,94,92,92,70,90,83,81,74,86,86,83,78,81,77,77,82,77,74,64,86,73,71,70,90,69,66,71,94,66,122,120,98,125,124,121,102,121,118,114,106,117,115,120,110,114,106,100,114,109,109,108,118,105,103,97,122,101,99,103,126,97,158,148,130,157,154,158,134,153,145,151,138,149,148,152,142,146,139,138,146,141,138,143,150,137,128,135,154,133,131,128,158,129,190,185,162,189,188,184,166,185,183,183,170,181,179,185,174,178,168,165,178,174,172,175,182,169,160,166,186,165,164,160,190,161,217,217,194,221,221,218,198,218,209,201,208,209,204,208,218,207,206,204,210,203,212,204,214,203,216,199,197,219,194,197,222,196,252,225,249,252,228,251,252,231,245,245,234,245,249,237,240,250,240,238,242,237,225,245,235,247,230,229,250,239,224,253,229,231,1,22,25,4,28,6,25,23,9,20,17,12,19,16,15,14,12,18,7,8,21,8,14,24,4,7,27,1,8,30,0,61,33,59,58,36,61,57,39,48,51,42,51,54,45,51,50,45,49,47,46,41,53,45,41,56,34,46,59,33,33,37,63,93,93,88,67,89,89,95,71,85,85,82,75,83,84,78,80,79,81,74,73,84,77,79,87,66,70,90,70,65,69,94,64,121,97,123,124,100,122,114,103,119,112,106,115,120,109,113,122,112,105,105,115,105,107,104,119,101,101,102,123,97,99,98,127,157,156,151,131,156,156,134,152,146,137,147,151,140,146,142,149,139,145,137,134,148,143,130,151,131,153,142,130,156,136,128,159,187,185,162,186,164,177,178,167,179,179,170,191,185,173,187,179,176,170,171,179,161,173,182,163,172,185,164,161,188,160,170,191,213,217,194,217,222,197,216,216,200,214,214,203,217,210,206,213,200,209,201,198,212,206,206,215,198,192,218,207,201,221,202,194,224,244,254,227,250,240,230,243,240,233,247,246,249,237,243,242,228,241,239,238,235,245,238,237,248,228,231,224,252,232,235,255,28,31,25,4,24,27,24,8,20,23,23,12,16,16,18,16,12,12,10,20,10,9,23,0,2,26,14,7,29,3,1,59,33,58,59,36,56,56,56,40,52,54,53,44,48,50,50,48,36,40,51,47,43,54,42,36,37,58,38,33,35,62,34,92,92,66,94,89,89,70,90,86,82,74,86,80,87,78,82,76,69,82,73,75,85,75,74,71,89,71,70,65,93,68,67,96,124,122,123,100,120,121,121,104,116,114,114,108,112,118,117,112,108,109,110,116,104,111,107,120,100,98,99,124,99,97,99,128,159,156,155,132,155,154,154,136,151,150,151,140,147,146,148,144,143,142,137,148,139,136,143,152,135,133,135,156,131,131,130,160,191,191,191,164,187,186,178,168,183,182,191,172,176,183,187,176,172,170,171,180,171,171,168,184,164,165,163,188,160,167,171,192,220,221,214,196,216,222,219,200,212,211,208,204,208,214,211,208,204,205,199,212,203,200,202,216,196,197,193,220,192,197,194,224,252,248,248,228,248,253,254,232,247,246,242,236,243,242,246,240,239,237,239,244,235,232,226,248,231,228,239,252,227,225,230,1,28,28,28,5,24,24,23,9,20,20,18,13,16,16,5,17,15,7,0,21,11,13,12,25,7,15,9,29,3,5,58,33,63,55,59,37,59,61,54,41,55,49,52,45,48,54,41,49,47,40,43,53,40,42,34,57,36,37,34,61,32,38,93,65,92,90,88,69,88,95,93,73,84,83,88,77,80,86,73,81,76,74,76,85,72,78,71,89,68,66,66,93,67,64,125,97,127,124,120,101,123,121,125,105,119,117,120,109,112,119,110,113,108,110,106,117,104,107,101,121,103,100,98,125,99,102,156,129,159,156,144,133,152,158,144,137,148,148,151,141,144,144,139,145,140,140,136,149,136,137,130,153,132,133,135,157,128,135,180,161,188,188,191,165,184,185,188,169,180,181,182,173,176,182,173,177,175,170,172,181,171,163,160,185,167,174,160,189,163,166,217,193,223,218,220,197,219,222,215,201,215,210,210,205,211,214,197,209,207,202,192,213,203,206,195,217,199,194,198,221,195,197,255,225,255,249,250,229,251,253,245,233,247,241,240,237,240,243,238,241,236,237,239,245,232,239,229,249,228,228,230,253,224,225,21,2,29,27,17,6,26,18,28,10,22,24,16,14,18,11,8,18,14,15,11,22,9,6,4,26,6,9,4,30,2,53,63,34,62,49,49,38,58,51,60,42,54,56,57,46,50,41,41,50,46,45,47,54,42,44,36,58,38,40,33,62,34,84,90,66,94,80,95,70,90,92,80,74,86,88,85,78,82,69,76,82,78,65,73,86,74,76,76,90,70,72,73,94,69,123,97,120,121,100,125,123,103,113,105,112,107,114,109,114,111,110,111,114,109,108,117,109,111,120,109,98,123,103,99,126,97,156,129,151,150,132,152,154,152,136,146,144,139,152,146,142,155,142,145,134,142,148,129,138,151,140,130,154,143,134,157,138,134,160,181,186,163,177,184,166,178,180,169,190,190,172,185,186,175,165,168,178,166,172,181,163,168,184,166,175,187,169,166,190,162,192,217,216,195,220,223,198,222,213,201,213,210,204,213,209,207,200,197,210,206,200,203,214,200,196,217,194,207,220,196,196,223,248,255,226,254,248,241,230,250,242,233,247,247,248,237,243,242,236,241,239,238,236,245,235,234,225,249,226,238,252,226,235,255,30,22,3,29,30,6,29,21,9,19,17,12,20,27,15,8,8,18,11,1,21,14,3,24,1,14,27,1,0,6,31,57,57,34,55,56,37,61,60,40,50,63,43,50,45,54,49,48,41,42,51,45,53,46,55,37,36,58,38,32,61,43,63,84,65,95,90,68,88,94,71,85,86,74,86,82,77,83,90,80,76,70,83,79,79,86,73,76,89,67,79,92,71,66,95,126,124,98,125,120,101,120,124,104,119,112,107,114,116,110,113,104,113,109,110,116,106,106,119,102,108,122,101,104,125,97,102,128,158,154,131,158,158,134,154,149,148,138,158,153,141,147,145,139,145,141,136,148,140,141,151,128,134,154,142,134,157,131,129,190,161,191,191,187,165,179,188,168,178,178,171,177,177,186,175,173,175,174,179,169,168,174,183,167,164,186,165,167,189,166,171,192,216,219,195,221,221,198,222,215,201,211,213,204,212,219,207,201,197,210,202,207,213,203,203,197,217,195,195,220,192,203,223,254,254,226,249,248,229,251,242,240,233,247,254,243,237,243,250,238,241,239,236,232,245,235,232,226,249,231,229,233,253,224,224,30,2,29,26,28,6,26,16,22,10,22,19,20,14,18,8,13,18,14,1,1,71,0,88,90,85,86,92,17,109,96,123,108,105,87,87,108,58,111,51,56,52,53,55,58,110,108,127,124,114,63,71,74,109,122,115,86,121,115,117,78,36,38,95,92,83,20,21,82,12,4,22,69,57,52,23,0,5,38,18,11,33,28,65,31,73,70,69,89,85,40,3,6,19,20,8,44,58,46,23,112,122,122,124,101,34,40,96,45,45,32,61,49,126,0,11,46,59,60,22,44,34,50,15,51,106,106,154,144,134,135,247,250,221,202,195,224,200,209,255,194,155,197,143,144,143,150,157,139,143,142,157,158,135,140,220,222,209,210,224,173,209,252,255,232,237,216,240,247,217,181,184,229,180,190,195,206,233,254,255,223,244,196,240,166,162,242,184,206,225,228,141,138,170,142,156,136,181,210,212,212,222,188,191,178,149,130,155,184,144,137,167,154,195,157,199,168,218,168,163,134,147,148,142,180,186,170,151,171,242,242,242,236,253,152,179,182,163,164,143,169,172,128,234,225,190,237,233,138,133,160,177,182,148,189,114,74,28,28,76,2,116,87,82,71,64,115,85,80,124,14,5,90,9,20,102,105,76,85,82,110,104,85,1,86,4,37,54,81,92,127,104,109,72,107,97,99,88,54,52,49,50,71,66,77,104,121,126,95,117,98,74,117,46,118,34,79,46,51,30,25,14,15,45,11,31,5,58,83,81,86,89,74,60,15,10,31,24,43,13,8,36,70,77,18,65,89,81,23,29,40,118,34,32,43,40,38,107,27,22,49,38,39,2,45,39,57,2,106,109,104,96,103,4,39,34,55,48,35,14,49,54,201,152,134,240,251,222,203,204,231,202,194,194,255,151,151,144,141,148,133,211,215,218,219,215,148,218,221,155,214,223,143,195,239,236,226,227,160,214,249,252,229,226,217,225,184,231,187,175,195,206,233,254,255,218,245,255,241,202,162,165,160,168,187,168,133,139,206,128,131,201,139,133,128,197,128,137,192,149,138,134,146,221,146,144,155,152,150,219,135,217,147,202,128,146,147,159,160,229,168,161,225,233,163,173,228,171,169,179,224,178,226,183,180,184,176,255,175,184,168,181,252,242,141,132,167,176,181,142,13,124,90,70,93,67,70,65,5,67,85,82,78,80,25,28,26,16,17,76,86,73,79,70,92,88,80,24,84,27,26,44,104,96,107,40,123,111,127,113,119,104,39,101,111,102,56,117,123,62,113,119,109,58,116,127,53,98,127,117,127,50,100,13,31,0,71,79,50,57,28,5,2,59,71,44,14,3,7,92,24,12,13,23,11,64,91,83,91,88,3,31,2,6,1,37,35,41,103,46,39,99,98,100,32,40,35,123,45,45,32,61,49,126,57,54,107,103,4,39,34,55,48,15,55,106,53,149,133,241,252,223,200,205,232,203,193,195,248,148,147,146,154,149,157,215,217,152,223,212,137,148,193,222,210,222,145,212,221,190,165,167,175,237,231,238,171,225,235,226,174,168,168};local _SwagKey_513d=44;local _SWAG_ad00={};for _swagData_3024=1,#_SwagEnv_cd74 do local _swaggy_d682=((_swagData_3024-1)%255)+1;local _swagData_dd09=_SWAG_a997(_SwagEnv_cd74[_swagData_3024],_swaggy_d682);_swagData_dd09=_SWAG_a997(_swagData_dd09,_SwagKey_513d);_SWAG_ad00[_swagData_3024]=_SwagEnv_a189(_swagData_dd09) end;local _swagXor_a6e6=_SWAG_64d(_SWAG_ad00);local ok,fn=pcall(_swagXor_8a9c,_swagXor_a6e6);if ok and fn then local s,e=pcall(fn) if not s then warn('[Swag] Runtime error: '..tostring(e)) end return end;if not ok then warn('[Swag] Load error: '..tostring(fn)) end;local fn2=_swagXor_8a9c(_swagXor_a6e6) if fn2 then fn2() end end)()
