--[[
       _      __                     _           _    _                                      
      | |    / _|                   | |         | |  | |                                     
  ___ | |__ | |_ _   _ ___  ___ __ _| |_ ___  __| |  | |__  _   _    _____      ____ _  __ _ 
 / _ \| '_ \|  _| | | / __|/ __/ _` | __/ _ \/ _` |  | '_ \| | | |  / __\ \ /\ / / _` |/ _` |
| (_) | |_) | | | |_| \__ \ (_| (_| | ||  __/ (_| |  | |_) | |_| |  \__ \\ V  V / (_| | (_| |
 \___/|_.__/|_|  \__,_|___/\___\__,_|\__\___|\__,_|  |_.__/ \__, |  |___/ \_/\_/ \__,_|\__, |
                                                             __/ |                      __/ |
                                                            |___/                      |___/ 
]]
(function() local _swagy_4c2c,_swag_d716,_SWAG_388d=string.char,table.concat,math.floor;local _SwagX_5985,_swagData_d0d4=_G,getfenv and getfenv(0) or _G;if _SwagX_5985.hookOp or _SwagX_5985.unveil or _SwagX_5985.UnveilR or _SwagX_5985.deobf or _SwagX_5985.dump or _SwagX_5985.decoded then return end;if _SwagX_5985.oldprint or _SwagX_5985._print or _SwagX_5985.originalprint then return end;if _swagData_d0d4.hookOp or _swagData_d0d4.unveil or _swagData_d0d4.UnveilR then return end;local _swagy_5778=loadstring or load;if not _swagy_5778 then return end;local _SwagKey_6d6=function(_swaggy_eb2e,_SwagX_c7ac) local _SwagKey_b0af,_swagStr_dbac=0,1 for _=1,8 do if _swaggy_eb2e%2~=_SwagX_c7ac%2 then _SwagKey_b0af=_SwagKey_b0af+_swagStr_dbac end _swaggy_eb2e,_SwagX_c7ac=_SWAG_388d(_swaggy_eb2e/2),_SWAG_388d(_SwagX_c7ac/2) _swagStr_dbac=_swagStr_dbac*2 end return _SwagKey_b0af end;local _swagResult_c22a={255,252,139,140,220,245,244,251,250,249,248,255,129,253,252,227,226,225,224,152,153,229,228,235,234,233,232,239,238,237,236,211,210,209,208,215,214,213,212,219,218,217,167,223,222,221,220,195,194,193,192,199,198,197,187,203,202,201,200,176,206,205,204,179,178,177,176,183,182,181,180,187,186,185,184,191,190,189,188,163,162,161,160,167,166,165,164,171,170,169,168,175,174,173,172,147,146,145,186,151,150,149,148,155,154,197,152,195,158,157,156,131,141,129,255,219,134,133,132,139,138,137,136,143,142,141,140,115,114,113,112,119,118,117,116,39,122,37,120,127,126,125,124,99,98,97,96,59,102,57,100,107,54,105,52,111,110,109,108,83,82,81,80,87,86,85,84,91,90,89,88,95,94,93,92,67,66,65,64,71,70,69,68,75,74,73,72,79,78,77,76,51,24,49,48,72,73,74,52,103,58,101,71,64,62,97,60,127,93,33,95,39,38,37,91,43,85,86,87,47,46,82,83,108,18,110,111,23,105,73,20,71,101,25,103,96,97,29,28,124,125,93,0,91,6,5,88,11,86,118,119,15,14,114,12,242,241,143,247,246,245,244,132,133,134,135,128,254,253,252,227,226,225,159,152,153,154,228,148,234,233,151,144,238,146,236,249,210,222,208,168,214,169,136,219,221,166,216,163,130,221,220,188,158,193,156,199,154,197,203,203,181,182,148,192,206,178,179,188,178,206,240,183,234,181,203,196,181,185,199,191,194,178,188,220,226,161,252,167,166,249,164,172,213,169,212,243,174,241,172,207,146,205,144,151,153,149,235,228,230,153,228,159,145,225,156,140,130,142,128,248,198,133,216,132,138,246,200,143,210,167,208,115,122,14,121,119,42,117,40,4,115,121,36,127,34,125,32,99,62,30,60,103,26,26,27,107,22,105,96,16,50,109,100,44,14,81,12,87,10,9,84,91,37,38,87,95,86,34,0,67,30,65,64,27,70,25,59,66,74,21,72,19,49,17,76,111,50,49,76,72,73,53,72,71,58,79,56,63,72,61,51,35,42,94,124,39,122,37,44,84,118,41,116,5,46,81,83,108,109,30,76,104,24,106,107,20,70,102,68,31,30,97,99,124,14,126,92,120,121,122,11,119,117,118,119,115,113,114,0,141,173,140,136,137,137,139,132,133,165,132,128,129,241,131,191,226,225,188,152,232,154,155,228,234,149,151,144,226,237,176,211,210,141,175,168,169,218,212,167,165,214,164,160,209,221,160,188,189,205,191,155,186,186,187,199,202,149,226,207,206,205,204,179,178,177,176,183,182,181,180,187,186,185,184,191,190,189,188,163,162,161,160,167,166,165,164,171,170,169,168,175,174,173,172,147,146,145,144,151,150,149,148,155,154,153,152,159,158,157,156,131,130,129,128,135,134,133,132,139,245,246,135,143,210,141,140,115,114,113,112,119,118,117,116,123,122,121,120,127,126,125,124,99,98,97,96,24,25,106,100,55,64,105,104,111,110,109,108,83,82,81,80,87,86,85,84,91,90,89,88,95,94,93,92,67,66,65,64,71,70,69,68,75,74,73,72,79,78,77,76,51,50,49,48,55,54,53,52,59,58,57,56,63,62,61,60,35,34,33,32,39,38,121,91,84,85,38,40,47,46,45,44,19,18,17,16,23,22,21,20,27,26,25,24,31,30,29,28,3,94,126,127,120,9,5,46,118,119,35,0,73,91,67,79,166,184,191,185,254,252,244,183,181,186,185,179,254,130,143,180,163,166,152,152,163,246,253,174,230,150,155,184,175,170,138,157,173,146,150,150,207,217,171,168,141,152,159,189,135,137,153,188,218,130,132,133,219,150,144,153,131,135,143,193,141,133,141,225,190,229,241,245,250,240,186,248,245,247,251,254,234,177,241,226,246,233,174,225,234,234,235,249,177,229,231,236,239,225,172,236,193,198,209,208,229,193,198,228,219,142,138,142,146,226,207,212,195,198,248,200,212,250,149,156,159,145,149,240,233,129,203,54,38,55,53,57,32,117,53,53,62,121,63,58,42,59,57,45,52,105,112,110,102,42,54,107,21,14,115,38,40,109,19,0,5,16,23,36,2,7,43,26,77,75,73,81,22,18,19,8,45,17,64,8,20,69,59,24,29,8,15,60,26,31,51,114,37,35,33,57,99,123,98,126,115,117,56,112,108,61,67,112,117,96,103,84,114,119,91,106,61,59,57,33,91,99,122,86,91,93,98,23,89,71,20,100,73,78,89,88,109,73,78,124,67,22,18,22,8,65,65,68,72,79,8,64,92,13,115,161,166,177,176,133,161,166,132,187,238,234,238,240,185,169,174,178,225,175,181,230,154,183,188,171,174,155,187,188,146,173,196,192,192,222,147,147,150,155,159,159,157,216,139,150,152,146,195,144,132,148,146,148,139,196,142,132,141,211,134,136,205,179,224,229,240,247,196,226,231,203,250,173,171,169,177,241,241,248,243,240,232,238,243,166,234,246,171,213,250,255,238,233,222,248,193,237,208,135,133,135,155,235,203,200,208,214,203,158,210,206,131,253,210,215,198,193,246,208,217,245,200,159,157,159,131,195,33,59,54,57,57,55,57,36,41,51,55,44,127,42,53,57,45,98,51,37,51,51,55,42,107,47,39,44,116,39,43,108,44,1,6,17,16,46,26,6,36,75,78,77,71,80,21,19,12,9,46,16,71,9,23,68,52,25,30,9,8,54,2,30,76,35,38,37,47,56,96,122,109,127,112,116,63,113,111,60,92,113,118,97,96,94,106,118,84,59,62,61,55,32,88,98,69,87,88,92,101,22,65,92,94,84,25,74,90,74,72,78,77,2,68,78,67,29,73,75,72,75,69,8,112,93,90,77,181,130,164,165,137,177,230,227,190,228,180,176,191,185,175,183,176,168,174,160,230,170,182,235,166,166,169,171,245,164,170,211,156,158,132,215,169,134,131,154,157,170,140,141,161,153,206,219,134,193,148,143,131,139,196,153,143,157,157,157,128,205,137,253,246,170,252,248,245,244,248,187,197,202,239,254,249,219,242,220,230,178,176,180,187,227,241,229,233,253,225,224,224,165,211,192,197,208,215,196,233,211,128,142,130,149,231,204,201,220,219,240,214,211,255,197,148,146,198,130,138,197,199,204,207,193,140,12,33,38,49,48,14,58,38,4,104,61,105,105,114,2,47,52,35,38,31,117,34,38,124,118,122,101,121,111,40,34,62,83,45,76,65,91,78,85,16,20,90,16,30,95,33,14,11,2,5,18,63,1,82,80,92,78,88,23,85,48,29,26,13,116,65,101,98,72,116,39,35,121,63,43,56,107,118,120,114,35,93,114,119,102,97,93,107,121,85,59,108,62,56,48,83,64,69,80,87,111,89,71,107,9,94,8,14,20,97,78,75,66,69,126,18,67,69,29,4,78,68,77,8,112,93,90,77,181,162,143,177,226,224,236,247,133,170,175,190,185,142,168,177,157,163,242,240,164,248,155,152,189,168,175,141,183,185,169,172,202,146,148,149,222,170,135,140,155,158,139,160,152,201,201,219,205,211,201,203,185,182,147,138,141,171,145,155,139,178,212,240,246,243,184,200,229,226,245,252,201,237,234,192,252,175,171,225,173,179,169,167,217,246,243,234,237,214,186,235,237,181,177,236,193,198,209,208,233,135,208,216,130,147,138,159,219,211,216,131,208,196,212,210,212,203,132,244,217,222,201,200,246,194,222,12,96,53,97,97,118,48,58,63,97,53,55,60,63,49,124,28,49,54,33,32,53,26,33,121,124,116,51,125,120,97,126,70,94,67,65,91,71,71,69,87,66,79,84,72,77,81,77,84,78,80,80,94,74,82,84,71,93,80,68,88,93,65,85,38,62,41,38,59,36,33,56,42,40,47,52,46,47,40,48,50,51,49,44,51,42,52,55,39,50,57,36,55,56,33,59,11,30,9,2,27,7,1,24,12,13,21,15,12,18,10,9,15,20,24,12,31,31,9,19,28,6,16,4,30,31,20,0,227,227,225,251,231,229,237,247,227,238,244,238,236,239,240,242,240,243,236,246,244,243,232,250,251,241,228,249,252,225,253,193,192,221,193,198,196,217,197,202,202,213,201,205,201,209,201,211,206,211,209,203,215,220,200,218,218,223,196,222,222,217,192,162,162,162,188,166,166,165,184,170,171,169,180,172,171,177,173,179,176,173,177,182,176,169,189,189,166,184,184,183,162,188,190,131,158,128,128,135,154,132,132,138,150,136,136,142,146,137,140,143,147,147,146,139,149,149,136,153,158,133,155,131,152,159,128,97,97,125,97,103,122,96,97,119,110,117,106,108,114,107,110,111,115,121,108,117,115,105,112,126,102,123,126,99,127,122,96,66,65,93,71,79,90,66,76,87,75,73,77,83,79,76,77,79,84,87,76,81,81,73,82,95,70,95,93,67,88,90,64,37,36,61,39,33,58,38,34,55,46,53,42,43,50,47,36,47,58,45,53,49,42,54,49,39,59,56,62,35,59,63,32,7,11,29,4,15,26,0,7,23,9,13,20,11,11,17,13,17,21,13,18,23,10,20,20,7,27,16,4,28,31,1,29,224,225,252,230,231,230,248,239,235,245,236,238,242,233,236,239,244,241,236,254,254,233,241,254,230,253,248,227,250,253,224,197,195,221,193,198,199,217,193,195,214,205,204,211,205,197,208,213,208,205,212,210,202,212,212,222,198,216,209,220,194,223,222,161,190,163,161,161,186,167,165,172,182,168,172,169,178,175,172,186,174,179,176,182,170,180,189,184,166,187,186,188,162,191,188,135,158,131,128,128,154,132,129,140,150,139,136,137,146,143,141,146,142,147,146,150,138,148,145,152,134,155,152,154,130,156,149,103,126,99,98,102,122,100,103,104,118,107,106,102,114,111,104,117,110,115,115,116,106,116,119,125,102,120,126,124,98,124,122,70,94,64,68,71,90,68,64,74,86,72,75,71,82,76,79,90,78,80,89,81,74,84,93,83,70,91,92,90,66,95,88,37,62,35,36,47,58,36,44,42,54,43,41,46,50,47,46,48,46,51,50,55,42,55,54,57,38,59,56,62,34,63,61,11,30,3,1,1,26,4,13,15,22,11,9,15,18,15,12,23,14,19,16,30,10,23,22,26,6,27,25,28,2,28,26,229,253,225,239,227,249,229,237,239,245,234,235,231,241,237,247,240,237,241,244,254,233,245,253,251,229,249,248,250,225,253,196,199,221,193,192,196,217,197,204,201,213,201,200,206,209,205,212,211,205,209,209,222,201,213,220,219,197,218,223,216,193,221,170,160,189,161,163,163,185,165,175,173,181,169,166,169,177,173,182,179,173,177,179,179,169,181,191,189,165,185,186,184,161,190,131,129,157,129,130,142,153,133,142,143,149,137,134,139,145,142,147,145,141,146,151,144,137,149,146,152,133,153,156,156,129,158,98,102,125,98,103,111,121,102,106,104,117,106,110,102,113,110,114,112,109,113,116,118,105,118,122,123,101,121,123,126,97,126,65,67,93,66,69,69,89,70,74,73,85,73,75,78,81,78,82,90,77,82,85,84,73,85,95,90,69,90,92,86,65,94,33,43,61,34,36,32,57,37,44,35,53,42,45,42,49,46,49,58,45,50,53,49,41,53,60,60,37,57,55,56,33,62,0,4,29,2,4,2,25,6,8,15,21,10,12,8,17,14,16,21,13,18,21,19,9,21,19,19,5,26,27,28,1,30,230,230,252,230,224,224,248,233,239,235,244,237,234,238,240,241,246,245,236,246,240,244,232,250,252,251,228,253,251,255,224,194,197,193,220,198,193,197,216,202,205,203,212,206,200,196,208,209,214,217,204,213,211,215,200,217,223,217,196,221,223,193,222,167,190,164,166,187,163,163,184,170,163,181,169,169,178,172,171,175,177,177,172,180,183,169,182,179,166,187,177,163,188,187,160,129,135,157,136,142,154,132,129,151,136,137,148,137,139,145,142,144,142,147,152,139,144,157,136,153,153,133,158,152,130,155,148,127,101,100,124,96,98,121,99,108,118,107,97,115,105,110,112,116,112,109,114,126,106,114,114,103,123,120,127,99,127,124,121,95,65,66,92,68,78,89,69,74,76,85,76,77,82,78,75,79,81,86,76,83,85,73,85,89,94,69,92,91,66,92,94,35,62,37,37,59,34,35,56,42,40,43,52,43,45,49,37,58,46,52,49,43,63,61,40,62,62,37,61,61,34,56,57,31,11,9,28,3,15,25,1,13,22,8,8,10,18,11,12,15,19,17,24,11,19,28,8,29,25,5,25,31,27,1,24,235,253,231,231,250,227,227,247,236,237,244,232,233,241,234,246,238,240,248,235,241,245,232,252,249,229,250,246,226,250,244,223,197,199,220,197,194,217,198,207,214,206,205,211,199,205,208,219,215,205,209,215,209,201,213,219,211,197,222,215,194,219,213,191,164,167,188,161,161,185,162,175,182,175,173,179,169,165,176,180,187,173,183,191,170,189,168,178,187,165,185,191,162,188,188,159,139,130,156,130,132,153,129,136,150,136,136,135,146,140,142,147,142,148,148,139,151,149,146,135,159,154,132,158,158,157,128,98,99,100,124,102,103,101,120,106,106,96,116,106,103,113,109,115,116,109,113,118,126,105,113,124,102,124,126,99,127,127,122,95,67,64,72,91,71,69,65,87,75,75,77,83,79,76,72,79,83,80,87,75,85,82,72,90,91,80,68,91,94,65,93,33,35,61,36,38,58,36,38,40,54,40,41,42,50,44,46,54,46,48,50,52,42,52,52,60,38,56,61,59,34,60,52,5,30,0,9,7,26,4,0,2,22,8,12,9,18,12,8,20,14,16,20,19,10,20,16,30,6,24,29,23,2,28,25,235,253,225,226,224,249,229,238,227,245,233,236,233,241,237,240,251,237,241,244,255,233,245,255,250,229,249,251,247,225,253,198,195,221,193,194,199,217,197,206,202,213,201,203,203,209,205,215,212,205,209,211,209,201,213,222,218,197,217,218,220,193,221,166,170,189,161,162,175,185,165,174,173,181,169,170,168,177,173,182,187,173,177,178,179,169,181,191,191,165,185,185,190,161,189,133,131,157,129,129,132,153,133,141,142,149,137,137,143,145,141,149,146,141,145,145,144,137,149,157,153,133,153,152,157,129,157,101,106,125,97,96,99,121,101,108,111,117,105,104,108,113,109,116,113,109,113,112,114,105,117,125,114,101,121,119,127,97,125,75,67,93,65,64,78,89,69,67,72,85,73,72,73,81,77,91,85,77,81,80,95,73,85,83,88,69,89,87,87,65,93,42,34,61,33,46,39,57,37,35,43,53,41,39,43,49,45,58,51,45,49,63,49,41,53,50,59,37,57,54,60,33,61,10,1,29,1,14,2,25,5,2,15,21,9,6,13,17,13,26,17,13,17,30,30,9,21,18,19,5,26,31,27,1,29,235,232,252,229,230,226,248,233,234,236,244,237,238,236,240,241,242,242,236,245,246,243,232,249,250,252,228,253,254,245,224,193,194,200,220,197,199,192,216,201,203,201,212,205,206,196,208,209,211,210,204,213,215,212,200,217,219,222,196,221,220,220,192,161,160,160,188,165,164,166,184,169,171,175,180,173,175,170,176,177,179,185,172,181,183,188,168,185,187,190,164,189,188,180,160,129,128,132,156,133,133,132,152,137,136,128,148,141,140,136,144,145,144,149,140,149,148,146,136,153,153,155,132,157,157,154,128,97,97,103,124,101,101,108,120,105,105,106,116,109,109,110,112,113,113,117,108,117,117,112,104,121,120,125,100,125,122,125,96,65,70,68,92,69,66,66,88,73,78,73,84,77,74,73,80,81,86,83,76,85,82,86,72,89,94,89,68,93,91,94,64,33,39,36,60,37,35,37,56,41,47,45,52,45,43,47,48,49,54,57,44,53,51,52,40,57,63,58,36,62,34,63,32,5,30,0,0,27,6,25,3,23,8,21,0,19,7,17,5,15,19,21,12,22,20,9,22,30,6,27,24,3,27,31,0,230,229,252,224,250,225,248,238,246,235,244,236,242,237,240,242,238,240,244,235,247,246,232,248,251,229,250,255,226,255,250,223,195,201,220,198,198,194,216,201,194,213,203,203,210,206,197,207,209,214,204,223,209,201,215,223,198,218,219,195,221,217,192,171,165,189,164,160,186,166,173,183,163,169,180,171,168,177,165,178,174,184,176,171,191,177,168,191,184,165,188,182,162,184,191,159,135,130,156,128,134,153,130,140,150,143,141,147,137,141,144,150,151,141,148,147,138,151,136,157,134,157,157,131,154,159,128,103,97,125,100,103,122,100,101,109,118,104,106,108,114,108,110,118,110,112,114,118,106,116,118,124,102,113,122,99,118,126,96,75,66,93,72,70,90,77,71,87,66,75,84,70,76,81,74,81,78,83,81,75,84,86,72,89,90,69,90,87,66,88,64,34,43,61,38,47,58,33,33,55,47,42,52,43,44,49,47,53,46,55,53,43,55,54,40,58,62,37,58,35,55,33,63,31,3,4,28,14,26,7,13,23,15,8,20,12,8,17,13,18,20,13,21,22,10,22,22,7,28,25,4,25,31,1,29,227,226,252,225,231,249,224,227,246,237,225,243,234,229,240,246,241,237,245,244,234,244,246,251,230,255,248,227,248,255,224,198,199,221,196,199,218,193,198,215,206,202,212,202,203,209,197,213,206,209,204,212,214,201,210,199,220,218,196,222,222,212,192,167,161,189,163,160,186,161,160,183,171,169,173,179,172,175,164,175,176,176,182,171,180,180,176,167,184,184,191,163,188,191,189,159,128,129,131,155,135,129,128,151,136,136,136,147,140,140,140,143,144,144,148,139,148,148,147,135,152,152,153,131,156,157,154,127,99,100,101,123,100,97,101,119,104,108,107,115,111,110,106,111,115,118,112,107,119,114,112,103,123,122,123,99,127,126,124,95,67,66,65,91,71,71,76,87,72,73,77,83,79,68,79,79,80,81,84,75,84,85,81,71,91,80,91,67,95,94,84,63,32,33,37,59,36,39,37,55,43,32,33,51,44,41,41,47,48,51,55,43,52,48,55,39,56,60,56,35,60,56,62,31,3,6,9,27,4,1,7,23,8,12,12,19,12,9,14,15,16,21,19,11,20,17,29,7,24,28,28,3,28,30,20,254,224,233,225,250,231,224,235,246,235,235,231,242,239,239,250,238,243,242,240,234,247,240,252,230,248,255,252,226,252,251,194,222,192,196,197,218,196,199,195,214,200,206,206,210,204,203,215,206,208,215,210,202,212,211,217,198,216,223,220,194,220,219,163,190,160,167,166,186,164,162,163,182,171,170,166,178,172,169,176,174,176,180,191,170,180,176,178,166,184,189,188,162,191,189,131,158,128,133,142,154,132,129,136,150,136,139,143,146,140,143,155,142,147,145,150,138,151,150,155,134,152,156,157,130,156,153,106,126,96,101,111,122,100,97,107,118,107,105,108,114,108,101,123,110,112,115,113,106,116,112,120,102,123,120,126,98,124,117,71,94,64,68,66,90,68,71,72,86,72,76,73,82,79,76,85,78,83,81,87,74,87,84,95,70,88,93,95,66,92,89,34,62,32,41,46,58,39,36,43,54,40,44,41,50,44,43,50,46,51,53,54,42,55,48,63,38,56,48,56,34,60,52,4,30,0,9,6,26,7,1,9,22,11,12,14,18,12,11,21,14,16,24,21,10,20,19,29,6,27,24,23,2,31,28,234,253,226,226,231,249,230,239,226,245,234,235,231,241,238,240,242,237,242,244,247,233,246,249,242,229,250,253,247,225,254,193,196,221,193,192,195,217,197,204,207,213,201,201,204,209,205,212,215,205,209,209,213,201,214,216,220,197,217,216,223,193,221,170,163,189,161,161,163,185,165,172,171,181,169,167,167,177,165,183,174,184,177,171,191,180,168,186,178,165,190,184,162,187,181,159,132,135,156,143,128,153,134,136,150,142,140,147,140,141,144,150,151,141,148,158,138,151,144,135,152,156,132,153,130,154,128,103,126,100,124,101,122,102,120,107,118,104,116,110,106,113,109,118,110,119,121,107,113,112,104,122,122,101,113,124,98,117,96,68,64,93,65,69,70,89,69,74,79,85,77,77,82,68,69,79,87,81,76,86,86,92,72,95,95,69,92,86,66,91,92,63,36,32,60,33,38,57,37,43,47,53,41,46,42,49,45,49,52,45,49,54,62,41,54,59,38,56,58,35,61,52,32,0,4,29,3,0,26,6,0,23,9,12,20,12,12,17,15,16,14,21,22,11,18,18,8,31,30,5,28,26,2,25,30,254,229,227,251,226,229,248,239,235,245,224,233,242,236,240,251,246,237,247,245,234,253,246,231,253,229,251,254,226,255,224,194,194,221,193,196,218,199,197,215,203,192,212,205,199,209,196,208,206,208,212,203,222,213,200,218,218,222,196,222,222,212,192,165,170,189,166,174,186,163,162,183,172,174,180,169,170,177,170,182,174,182,184,171,177,188,168,188,188,165,191,184,162,186,184,159,133,132,156,128,132,153,131,136,150,136,137,135,146,140,141,154,142,151,145,139,147,148,136,154,155,157,132,153,159,129,154,96,126,98,103,123,103,103,98,119,110,109,116,106,105,113,105,117,110,116,114,107,118,105,112,125,102,125,100,126,126,127,96,70,67,93,68,67,90,70,70,87,78,77,84,72,70,81,75,87,78,88,87,75,87,84,84,71,91,88,89,67,95,93,84,63,35,33,41,59,39,37,34,55,43,41,47,51,47,45,40,47,51,49,53,43,55,48,52,39,59,60,57,35,63,57,52,31,3,5,9,27,7,1,2,23,11,13,15,19,15,9,8,15,19,21,21,11,23,16,28,7,27,28,17,3,31,24,26,254,227,224,238,250,231,229,234,246,235,232,239,242,239,236,247,238,243,242,241,234,244,247,248,230,251,248,252,226,255,252,198,222,195,193,195,218,199,197,207,214,200,203,206,210,204,207,218,206,208,210,222,202,212,209,210,198,219,220,221,194,220,216,163,190,160,164,163,186,164,167,163,182,171,170,174,178,172,170,182,174,176,182,180,170,180,188,185,166,184,176,188,162,188,180,131,158,128,136,134,154,132,131,131,150,136,143,134,146,140,139,149,142,144,151,144,138,148,157,155,134,152,145,158,130,156,148,107,126,96,104,110,122,100,108,109,118,104,96,104,114,108,100,119,110,112,120,114,106,116,114,125,102,120,126,120,98,124,122,71,94,64,70,66,90,71,64,74,86,75,75,79,82,79,78,90,78,83,83,94,74,87,85,88,70,91,92,86,66,95,92,42,62,32,39,36,58,36,44,40,54,40,47,46,50,47,41,49,46,51,53,54,42,52,55,58,38,56,60,57,34,63,56,10,30,3,5,2,26,7,5,11,22,11,9,14,18,15,12,27,14,19,16,30,10,23,22,25,6,27,26,28,2,31,30,226,253,226,229,231,249,230,234,226,245,234,238,231,241,238,242,244,237,242,246,241,233,245,242,242,229,249,246,247,225,253,202,196,221,193,206,193,217,197,200,207,213,201,203,207,209,205,208,208,205,210,212,208,201,214,217,210,197,218,223,217,193,222,163,166,189,162,167,163,185,166,171,168,181,170,175,173,177,174,179,178,173,178,183,183,169,182,191,188,165,186,187,185,161,190,135,134,157,130,131,131,153,134,143,136,149,137,135,140,145,141,154,146,141,145,159,151,137,150,154,155,133,154,158,157,129,158,102,96,125,98,98,101,121,102,110,106,117,106,106,111,113,110,119,122,109,114,115,127,105,118,120,122,101,122,124,127,97,125,69,67,93,65,64,71,89,69,77,76,85,74,79,72,81,78,83,80,77,82,87,82,73,85,82,92,69,90,92,87,65,94,32,36,61,34,36,33,57,38,40,46,53,42,44,43,49,46,48,48,45,50,52,53,41,54,56,38,48,59,35,54,62,32,2,10,29,6,0,26,13,7,23,2,9,20,7,12,17,4,16,14,19,16,11,31,20,8,28,19,5,16,26,2,20,29,254,230,231,251,225,236,248,236,232,245,239,235,242,236,239,239,243,240,236,244,234,253,246,231,252,241,228,246,254,225,245,195,222,200,196,219,192,194,216,202,202,213,201,206,200,209,205,210,211,205,217,203,215,212,221,199,219,219,217,195,223,220,222,191,167,162,188,160,161,185,172,175,182,175,170,179,175,175,173,175,179,177,181,171,183,180,188,167,187,187,184,163,184,188,160,130,128,134,156,134,135,130,152,138,136,141,148,139,134,145,143,155,142,144,144,149,138,148,148,157,134,144,159,131,157,153,128,106,96,125,103,102,122,102,103,119,107,104,105,115,103,106,112,114,114,117,108,115,115,105,124,126,102,126,126,99,125,117,96,74,69,93,65,91,69,69,88,74,76,85,64,74,82,75,80,81,85,77,82,86,74,86,85,71,83,93,68,94,91,65,85,63,35,37,60,38,46,57,44,40,54,42,33,51,40,47,48,52,48,45,49,50,42,52,61,39,59,59,36,57,34,58,56,31,4,5,28,3,26,5,24,10,11,21,1,8,18,12,12,16,14,22,20,11,17,16,8,28,24,5,31,28,2,28,29,234,253,225,230,239,249,229,234,236,245,233,238,233,241,233,250,238,244,243,235,247,244,246,231,249,250,228,249,255,225,250,193,222,197,200,219,194,204,216,202,203,205,212,201,207,209,200,214,206,212,213,203,213,210,200,222,219,197,220,218,194,217,222,191,166,165,188,166,166,162,184,170,170,172,180,166,169,177,170,179,174,181,178,171,179,179,168,190,188,165,189,185,162,190,187,159,131,129,132,155,132,135,152,137,142,136,148,142,139,140,144,145,147,146,140,149,151,156,136,153,155,157,132,158,154,154,128,97,97,104,124,101,98,99,120,106,110,109,116,109,106,106,112,113,113,116,108,117,114,113,104,121,127,125,100,126,123,120,96,65,64,64,92,69,71,64,88,74,67,77,84,78,74,79,80,82,81,83,76,86,95,83,72,89,90,93,68,94,87,84,64,34,32,41,60,37,35,33,56,41,41,42,52,46,42,46,48,49,50,52,44,54,63,48,40,57,58,63,36,62,61,52,32,1,6,6,28,5,5,13,24,10,2,13,20,13,12,14,16,18,27,20,12,21,20,21,8,25,27,29,4,30,25,20,0,224,227,232,251,228,225,237,247,232,236,233,243,236,233,237,239,243,249,248,235,244,246,243,231,248,250,241,227,252,254,254,223,192,197,192,219,199,194,195,215,200,200,207,211,207,196,206,207,211,214,208,203,212,213,209,199,216,216,219,195,220,221,222,191,163,168,166,187,167,163,172,183,171,174,172,179,172,174,168,175,176,179,182,171,180,182,183,167,187,186,189,163,191,191,181,159,131,135,136,155,135,131,141,151,136,136,140,147,140,140,137,143,144,144,146,139,148,148,151,135,152,152,152,131,156,156,157,127,99,100,99,123,103,96,101,119,104,107,106,115,111,105,111,111,115,116,121,107,119,112,114,103,123,124,120,99,127,120,125,95,64,65,72,91,71,64,77,87,75,77,79,83,79,78,75,79,83,82,85,75,87,81,81,71,91,90,81,67,95,89,92,63,35,37,34,59,36,37,37,55,43,32,33,51,44,45,43,47,51,52,56,43,55,54,50,39,59,60,48,35,63,56,52,31,3,4,4,27,7,6,1,23,8,13,14,19,15,11,8,15,19,25,24,11,23,29,20,7,27,31,24,3,31,21,30,254,224,232,231,250,231,224,234,246,232,225,238,242,236,235,244,238,240,248,243,234,247,241,248,230,248,254,246,226,252,251,202,222,192,200,194,218,196,195,202,214,200,206,204,210,204,202,208,206,211,211,211,202,212,208,218,198,216,220,214,194,220,223,171,190,160,163,165,186,167,166,174,182,168,175,174,178,172,170,178,174,176,182,191,170,183,182,179,166,187,187,187,162,188,187,131,158,128,134,129,154,132,131,136,150,139,139,147,137,140,144,154,145,141,152,148,138,147,145,135,146,156,132,151,155,129,159,99,126,104,100,123,110,103,120,99,99,117,106,105,114,106,110,111,122,113,108,127,126,105,124,127,102,127,126,99,120,121,96,66,67,93,65,71,64,89,69,74,76,85,73,79,75,81,77,83,83,77,81,83,74,92,85,71,92,81,68,88,92,65,90,43,62,32,33,59,46,45,56,34,40,53,41,47,47,49,45,49,53,45,54,55,42,52,52,57,38,56,58,61,34,60,61,7,30,8,8,27,7,4,2,23,11,11,10,19,10,4,16,27,22,13,23,19,10,29,23,7,19,28,4,27,23,1,25,229,253,233,238,250,228,228,238,246,224,238,243,230,241,228,239,241,244,236,244,244,233,247,248,230,253,254,227,250,250,224,199,198,221,196,194,218,193,198,215,195,193,212,206,207,205,208,215,211,205,214,203,212,213,200,217,219,197,218,218,194,222,220,191,171,160,188,165,164,185,160,183,171,175,180,173,166,177,164,175,176,177,172,181,183,169,182,186,166,177,184,163,182,189,160,132,130,157,130,134,154,132,152,138,141,149,138,140,146,140,139,143,147,149,140,145,147,137,157,135,155,153,132,157,154,129,157,99,126,96,101,123,99,121,103,107,118,110,107,115,107,104,112,118,117,109,116,127,106,116,117,124,102,124,123,99,123,121,96,64,68,93,69,67,90,64,77,87,78,64,84,75,76,81,77,82,85,77,81,86,83,73,85,90,93,69,89,89,66,92,88,63,35,36,60,36,58,36,36,43,54,42,42,51,42,41,48,48,59,45,49,55,51,41,61,60,38,61,63,35,61,62,32,7,2,29,1,7,15,25,0,14,22,13,14,19,8,13,16,23,20,13,18,22,23,9,22,26,29,5,25,22,26,1,29,230,232,252,229,231,228,248,233,232,232,244,237,239,239,240,242,246,244,236,245,247,242,232,249,251,241,228,253,254,253,224,193,195,201,220,197,196,198,216,201,203,202,212,205,206,203,208,210,214,212,204,214,210,214,200,218,217,222,196,221,221,219,192,161,166,163,188,165,165,160,184,169,169,168,180,174,172,165,176,177,179,178,172,182,191,189,168,185,186,187,164,190,183,185,160,130,134,128,156,133,135,141,152,137,136,139,148,141,143,132,144,146,155,146,140,150,159,149,136,153,158,153,132,157,154,156,128,97,96,100,124,101,98,96,120,105,110,111,116,109,107,105,112,113,113,112,108,118,126,119,104,122,114,123,100,126,121,117,96,65,67,66,92,69,70,64,88,73,75,73,84,77,76,77,80,82,85,87,76,86,80,83,72,89,88,95,68,93,93,89,64,33,32,36,60,38,34,38,56,42,41,46,52,46,40,45,48,50,52,48,44,54,49,49,40,58,61,60,36,62,57,63,32,2,5,2,28,6,1,5,24,10,13,8,20,13,12,8,16,17,17,24,12,21,23,17,8,26,25,28,4,30,27,28,0,227,229,232,251,231,224,236,247,235,236,225,243,236,236,234,239,243,244,241,235,247,246,253,231,251,253,253,227,255,248,245,223,195,194,199,219,199,193,195,215,203,205,192,211,207,200,204,207,208,209,217,203,212,213,211,199,219,208,209,195,223,216,220,191,163,163,168,187,167,160,164,183,171,172,168,179,175,169,170,175,179,181,179,171,180,181,178,167,187,186,190,163,191,190,187,159,131,132,131,155,135,129,133,151,139,141,138,147,143,142,136,143,147,148,153,139,148,145,146,135,155,145,154,131,159,149,154,127,99,102,103,123,100,97,102,119,107,97,104,115,111,101,109,111,115,119,117,107,119,125,113,103,123,113,126,99,127,122,116,95,67,70,65,91,68,65,70,87,72,77,74,83,76,73,74,79,83,86,87,75,87,82,83,71,91,94,92,67,95,91,92,63,32,35,41,59,39,35,35,55,43,46,43,51,47,43,40,47,48,50,50,43,52,54,60,39,59,62,60,35,63,59,62,31,3,7,9,27,4,6,0,23,11,14,10,19,15,10,15,15,19,25,25,11,30,21,8,19,27,5,17,30,2,27,20,254,224,233,251,238,228,248,226,239,245,225,239,242,238,237,239,251,240,236,255,254,233,243,243,230,240,250,227,247,254,224,203,197,221,200,199,218,196,193,215,203,202,212,206,207,209,203,215,206,217,212,203,209,214,200,221,211,197,217,219,194,212,221,191,164,169,188,160,164,185,162,163,182,168,169,179,166,165,176,186,176,173,177,183,183,169,181,185,189,165,190,191,162,188,189,135,158,128,129,142,154,132,132,136,150,136,137,134,146,140,141,149,142,144,145,149,138,148,148,158,134,156,154,131,155,159,128,102,96,125,97,102,99,121,101,106,107,117,105,110,108,113,101,123,110,117,118,107,117,115,104,114,124,101,121,127,118,97,125,67,65,93,65,68,90,68,69,87,73,85,77,83,74,73,80,87,87,77,84,85,74,81,87,71,94,89,68,91,95,65,84,37,62,41,39,59,36,44,56,42,35,53,32,45,50,46,48,50,59,45,49,49,42,52,60,39,59,48,36,55,58,33,62,4,30,0,5,27,4,4,24,9,13,21,9,12,18,12,9,15,26,13,17,23,10,18,19,7,29,28,4,25,25,1,29,234,253,228,251,228,227,248,233,236,245,235,239,242,238,240,244,246,237,241,245,234,244,247,231,248,240,228,249,252,225,255,193,222,199,193,219,194,204,216,202,203,205,212,203,203,209,205,211,219,205,209,214,213,201,208,211,198,220,220,195,218,213,192,162,160,164,188,161,165,185,161,168,182,175,168,179,175,172,174,175,179,177,178,171,181,189,168,191,184,165,187,188,162,180,180,159,135,132,156,130,129,153,128,130,150,141,139,147,143,141,143,143,150,146,140,147,150,137,146,153,134,154,157,131,152,158,128,96,96,125,98,102,102,121,101,110,98,117,105,107,102,113,109,112,116,109,113,115,117,105,117,127,125,101,121,123,120,97,126,66,71,93,66,71,69,89,70,75,67,85,74,77,77,81,78,83,83,77,82,86,87,73,86,90,88,69,90,94,90,65,93,38,39,61,33,36,34,57,38,42,43,53,42,47,42,49,45,58,48,45,50,55,50,41,53,60,62,37,57,56,62,33,61,1,11,29,1,3,4,25,5,15,9,21,9,11,14,17,13,23,19,13,17,20,30,9,21,24,19,5,25,28,24,1,29,225,230,252,230,238,231,248,234,226,234,244,238,230,237,240,241,247,241,236,245,242,252,232,250,243,248,228,254,249,251,224,193,192,198,220,197,195,196,216,201,201,207,212,206,198,197,208,210,212,209,204,214,222,211,200,217,217,220,196,221,219,220,192,161,166,169,188,165,165,161,184,169,169,172,180,174,169,175,176,177,176,183,172,181,181,180,168,185,190,190,164,189,189,191,160,129,134,135,156,133,133,132,152,137,137,140,148,142,136,136,144,146,144,153,140,150,148,157,136,154,157,152,132,158,152,149,128,98,100,104,124,101,103,97,120,105,107,108,116,109,111,111,112,113,115,114,108,117,119,117,104,121,123,120,100,125,126,117,96,65,66,72,92,69,68,71,88,74,79,73,84,78,75,73,80,81,80,80,76,86,82,92,72,90,94,93,68,93,95,91,64,34,38,32,60,38,34,39,56,42,41,41,52,46,45,37,48,50,59,54,44,54,50,51,40,58,63,57,36,62,58,58,32,2,1,6,28,6,15,13,24,10,15,14,20,14,13,10,16,18,23,25,12,22,31,16,8,25,26,26,4,30,26,28,0,227,226,229,251,231,226,236,247,232,232,224,243,236,239,238,239,240,245,245,235,244,241,246,231,248,253,251,227,252,249,252,223,192,197,193,219,196,192,192,215,200,204,205,211,204,200,206,207,211,217,212,203,215,221,212,199,219,208,217,195,220,220,223,191,160,160,161,187,164,165,167,183,168,169,173,179,172,175,164,175,176,179,185,171,180,183,178,167,184,187,191,163,188,191,184,159,128,131,133,155,132,134,140,151,136,138,129,147,143,139,137,143,147,150,145,139,148,150,144,135,155,145,159,131,159,154,157,127,99,103,104,123,111,100,120,99,98,117,106,102,114,101,104,111,117,113,108,126,114,105,124,121,102,126,124,99,118,123,96,75,65,93,72,68,90,68,76,87,75,65,84,77,74,81,75,86,78,87,87,75,94,86,72,83,91,69,80,88,66,90,90,63,33,61,40,36,58,45,44,55,44,45,52,46,43,49,43,52,46,55,55,43,49,61,40,58,59,37,49,62,34,53,60,31,3,3,0,27,3,2,24,10,11,12,20,14,15,15,16,18,18,19,12,16,16,9,21,25,26,5,25,31,28,1,29,227,232,252,230,228,230,248,237,234,245,233,237,238,241,237,242,244,237,241,245,241,233,240,242,230,252,255,227,255,253,255,223,195,193,197,219,207,195,216,200,205,213,201,206,205,209,205,209,208,205,209,214,214,201,215,216,198,216,217,222,194,212,219,191,163,161,164,187,162,160,184,170,168,168,180,174,175,169,176,178,178,179,172,180,191,169,181,188,166,184,176,163,190,161,184,129,158,131,134,155,130,153,134,142,150,139,137,147,135,137,144,146,147,141,146,151,138,151,144,135,152,153,132,158,159,149,128,98,99,101,124,111,111,121,99,107,118,110,105,115,104,101,112,117,123,109,118,113,106,115,115,103,124,125,100,121,123,97,123,75,94,70,73,91,65,67,88,73,86,72,84,72,79,81,75,81,78,83,87,75,83,84,72,88,92,69,89,94,88,65,93,35,38,61,33,38,34,57,39,46,54,44,41,51,42,37,48,54,50,45,53,54,42,52,53,61,38,61,62,35,61,56,32,6,1,29,1,6,14,25,2,9,22,10,13,19,11,12,16,17,21,13,20,18,10,16,23,7,30,27,4,28,24,1,29,226,229,252,225,225,249,226,226,246,232,232,231,242,236,236,250,238,240,240,241,234,244,244,252,230,248,248,251,226,252,252,198,222,192,197,199,218,196,193,202,214,200,204,199,210,204,200,218,206,208,212,209,202,212,208,220,198,219,217,216,194,223,221,166,190,160,165,175,186,167,164,163,182,171,169,170,178,172,169,180,174,179,176,177,170,183,181,186,166,187,186,190,162,191,189,134,158,128,131,131,154,135,133,142,150,139,136,134,146,143,141,151,142,147,144,149,138,148,151,146,134,155,153,159,130,156,149,101,126,99,98,102,122,100,103,111,118,104,108,111,114,111,108,115,110,112,121,113,106,119,116,124,102,120,126,122,98,124,122,64,94,64,72,69,90,68,76,72,86,72,64,79,82,76,68,82,78,80,87,95,74,84,83,82,70,88,95,89,66,92,91,36,62,35,37,38,58,39,32,42,54,43,44,39,50,44,40,55,46,48,52,51,42,52,49,59,38,56,60,57,34,60,52,6,30,0,6,1,26,4,2,12,22,8,14,11,18,12,10,22,14,16,22,21,10,20,18,24,6,24,30,31,2,31,31,224,253,226,228,228,249,229,236,239,245,234,234,236,241,238,240,250,237,242,244,243,233,246,248,251,229,250,253,246,225,253,197,195,221,193,195,194,217,197,200,202,213,201,202,202,209,205,214,210,205,209,212,210,201,213,222,222,197,217,218,215,193,221,166,171,189,162,166,162,185,166,170,174,181,170,173,174,177,173,183,177,173,177,178,191,169,181,191,185,165,185,187,191,161,189,128,139,157,129,132,128,153,133,130,131,149,137,139,143,145,141,145,155,141,145,148,147,137,149,159,155,133,153,155,150,129,157,96,100,125,97,100,96,121,101,110,106,117,105,108,105,113,109,119,123,109,113,115,117,105,117,120,124,101,121,122,121,97,125,70,69,93,65,79,67,89,69,77,79,85,74,75,74,81,77,84,83,77,82,84,95,73,86,95,89,69,89,86,94,65,93,43,38,61,33,32,46,57,38,46,47,53,41,39,43,49,45,52,59,45,49,62,54,41,54,63,56,37,58,59,54,33,61,11,6,29,1,1,14,25,5,13,9,21,10,13,6,17,13,20,21,13,17,31,17,9,21,28,19,5,25,25,27,1,30,225,226,252,230,224,226,248,234,237,232,244,238,232,228,240,242,244,242,236,246,255,245,232,250,252,251,228,254,249,249,224,194,197,199,220,207,196,217,195,205,214,193,200,211,198,204,208,212,210,205,214,223,202,220,208,199,221,223,196,221,220,193,222,171,190,161,188,160,186,167,163,183,168,175,180,166,171,177,164,176,174,182,179,171,177,180,168,179,187,165,191,186,162,186,186,159,133,137,156,132,154,132,128,151,131,136,148,137,134,145,139,145,142,151,152,139,149,157,136,152,158,133,145,131,155,153,128,102,103,125,101,101,122,96,103,119,111,105,116,106,111,113,104,123,110,117,121,107,112,119,104,125,121,101,126,127,98,121,116,95,71,68,92,66,79,89,67,78,86,72,73,71,82,76,76,84,78,88,88,75,85,83,72,82,92,69,89,93,92,65,93,35,32,61,41,46,58,36,37,45,54,40,42,45,50,36,42,47,51,51,54,43,55,55,50,39,62,59,36,62,63,61,32,2,3,3,28,6,4,4,24,9,15,21,12,19,15,10,16,27,23,13,17,30,10,29,23,7,25,5,26,31,2,31,21,254,224,230,251,231,237,248,233,239,245,225,239,242,228,240,241,251,237,241,244,234,244,253,231,248,248,228,254,254,225,250,202,222,194,220,198,192,217,194,207,214,205,201,211,203,202,208,208,218,205,212,215,202,221,210,199,221,221,196,221,194,220,217,191,165,189,165,160,186,166,163,183,174,160,180,174,175,170,176,182,183,173,179,180,170,182,176,167,188,187,164,187,186,161,184,135,158,128,129,131,154,141,132,151,130,137,148,142,140,142,144,146,144,145,140,150,148,148,136,154,154,155,132,158,158,158,128,98,98,97,124,102,102,100,120,98,98,117,97,102,114,100,106,111,123,118,108,118,119,117,104,120,120,101,123,118,98,116,123,95,67,65,70,91,67,66,88,79,79,85,77,71,82,76,73,83,78,80,83,95,74,84,80,83,70,88,81,88,66,95,92,42,62,35,33,39,58,39,38,43,54,43,42,46,50,44,41,51,46,51,49,51,42,55,53,61,38,59,57,57,34,63,61,1,30,3,0,0,26,7,4,2,22,11,10,12,18,15,14,16,14,16,25,19,10,23,22,27,6,24,17,29,2,28,21,225,253,226,230,226,249,230,234,232,245,234,239,232,241,238,241,242,237,241,244,242,233,245,253,251,229,249,249,249,225,253,192,202,221,193,196,207,217,197,200,204,213,201,204,201,209,205,219,208,205,209,223,213,201,213,211,218,197,217,215,223,193,221,164,170,189,161,160,175,185,165,172,172,181,169,168,169,177,174,183,181,173,178,179,191,169,181,179,178,165,186,187,188,161,190,135,131,157,129,143,129,153,134,143,131,149,138,139,137,145,142,145,148,141,145,145,145,137,150,159,154,133,154,154,156,129,158,103,96,125,98,100,102,121,101,109,98,117,106,107,109,113,110,112,119,109,114,114,116,105,117,125,127,101,121,120,125,97,125,75,65,93,65,79,68,89,69,77,66,85,73,72,79,81,77,80,82,77,81,82,86,73,85,94,90,69,89,90,93,65,93,38,35,61,34,39,47,57,38,43,34,53,41,43,42,49,45,55,54,45,49,50,51,41,54,57,58,37,57,59,61,33,61,6,11,29,1,4,0,25,5,13,9,21,10,15,13,17,13,27,21,13,17,30,31,9,21,31,30,5,25,27,31,1,29,225,228,252,230,226,228,248,234,227,235,244,238,234,232,240,242,247,244,236,246,243,243,232,250,249,251,228,254,247,250,224,194,199,195,220,198,194,199,216,202,207,204,212,206,201,197,208,209,208,217,204,214,213,221,200,217,223,218,196,221,218,216,192,162,170,162,188,166,174,172,184,170,162,169,180,173,172,173,176,177,179,179,172,181,179,176,168,185,191,187,164,189,187,190,160,129,135,129,156,133,131,132,152,137,142,129,148,141,138,132,144,145,145,145,140,150,144,151,136,154,157,153,132,158,152,156,128,97,98,102,124,101,102,100,120,105,106,108,116,109,110,110,112,113,113,121,108,117,117,124,104,121,121,127,100,125,125,122,96,65,65,69,92,69,69,64,88,73,73,75,84,77,77,78,80,91,90,77,89,82,74,87,81,71,91,81,68,89,91,65,84,38,62,39,38,59,37,37,56,41,54,43,32,51,41,42,48,59,59,45,57,55,42,61,48,39,50,60,36,62,58,33,58,6,30,9,1,27,1,0,24,13,15,21,0,8,18,10,15,15,21,25,12,17,18,9,19,7,31,5,27,29,2,30,30,254,224,225,251,238,249,237,247,239,237,244,234,235,241,233,241,238,244,243,235,243,245,232,254,251,229,252,247,226,249,245,223,196,195,220,198,198,204,216,202,200,200,212,206,206,200,208,210,211,208,204,214,214,208,200,218,219,209,196,218,217,193,213,164,190,160,160,165,186,164,164,174,182,160,174,179,171,171,176,181,186,173,177,183,183,169,181,186,189,165,177,188,162,188,188,133,158,128,130,129,154,132,134,136,150,128,129,147,143,141,136,143,147,145,153,139,149,150,136,147,158,133,155,152,130,159,158,127,99,98,124,98,103,121,102,98,118,104,111,115,108,100,112,116,110,112,113,107,116,116,104,120,122,101,113,99,122,125,96,65,75,93,65,70,90,68,66,87,75,77,84,72,82,77,80,85,86,77,87,83,74,92,84,71,89,81,68,94,95,65,94,36,62,37,39,59,39,57,39,55,43,45,52,41,50,47,37,47,49,48,44,50,55,41,53,57,62,37,57,61,58,33,53,6,30,9,9,27,7,4,6,23,11,8,11,19,15,15,10,15,19,19,23,11,23,23,16,7,27,27,29,3,31,31,30,254,224,226,228,250,227,229,247,239,236,244,236,234,241,237,242,242,237,247,244,234,242,253,231,243,241,228,246,247,225,245,197,222,200,199,219,199,196,196,215,203,200,201,211,207,205,196,207,211,209,217,203,213,208,200,223,223,197,217,223,218,193,223,171,190,163,162,166,186,164,161,170,182,168,161,173,178,175,174,178,174,179,177,178,170,183,182,186,166,184,188,187,162,188,181,128,158,131,128,132,154,135,132,143,150,139,137,141,146,140,136,154,142,147,144,151,138,151,150,153,134,155,152,156,130,156,152,103,126,96,99,99,122,100,109,111,118,107,104,109,114,108,101,112,110,112,119,114,106,116,114,114,102,120,127,124,98,124,123,66,94,64,68,69,90,68,64,72,86,72,76,79,82,76,72,82,78,80,83,95,74,84,87,82,70,88,91,89,66,92,95,36,62,35,34,47,58,39,32,41,54,43,42,43,50,47,46,55,46,51,50,51,42,55,49,56,38,56,63,57,34,63,57,0,30,3,4,0,26,7,7,13,22,11,11,13,18,12,8,23,14,16,20,19,10,20,28,28,6,24,16,27,2,28,20,231,253,225,225,224,249,230,233,236,245,234,236,234,241,238,241,247,237,241,243,245,233,245,248,253,229,249,251,255,225,253,192,203,221,193,192,194,217,197,204,207,213,201,200,204,209,205,212,209,205,210,212,208,201,214,217,210,197,218,218,222,193,221,165,171,189,161,161,175,185,166,170,163,181,170,174,172,177,173,182,181,173,177,180,181,169,181,190,190,165,185,187,182,161,190,131,139,157,129,130,135,153,133,143,143,149,138,141,142,145,141,151,154,141,145,148,158,137,149,158,158,133,153,155,155,129,157,96,107,125,97,99,111,121,102,107,109,117,105,108,107,113,109,112,122,109,113,115,116,105,117,127,121,101,121,124,125,97,125,64,66,93,65,66,66,89,69,76,76,85,73,76,76,81,77,86,86,77,81,84,87,73,85,95,89,69,89,90,91,65,93,42,33,61,34,34,35,57,38,46,46,53,42,43,42,49,45,52,53,45,49,63,63,41,54,57,56,37,58,62,54,33,62,7,3,29,2,2,2,25,6,14,15,21,10,10,12,17,14,22,17,13,18,18,22,9,22,30,27,5,26,27,22,1,29,235,224,252,230,224,236,248,234,226,232,244,237,236,229,240,242,247,245,236,245,245,253,232,249,248,254,228,254,248,252,224,194,197,194,220,198,192,199,216,202,204,201,212,206,198,202,208,210,212,217,204,214,209,209,200,217,217,220,196,222,216,220,192,162,164,166,188,165,165,185,173,168,182,175,161,179,166,174,176,186,178,173,182,177,170,179,178,167,184,187,164,190,188,187,160,130,131,131,156,134,135,134,152,138,139,142,148,142,142,133,144,146,144,148,140,150,148,144,136,154,152,152,132,158,159,156,128,98,99,100,124,102,102,109,120,106,106,107,116,110,111,111,112,122,110,112,108,112,114,105,114,127,102,122,123,99,125,116,96,66,66,93,65,70,90,77,88,66,86,76,76,83,75,72,80,86,80,77,85,84,74,80,84,71,95,88,68,91,86,65,88,42,62,32,33,46,58,36,38,42,54,47,40,51,47,44,43,47,51,49,57,43,55,52,48,39,59,59,60,35,59,58,32,6,11,29,5,15,26,6,2,23,11,9,8,19,15,12,12,15,19,16,17,11,23,20,21,7,27,24,16,3,31,29,27,254,224,224,224,250,225,224,247,235,235,233,243,231,229,240,242,243,241,236,246,246,247,232,255,230,248,250,251,226,245,251,223,202,197,220,207,195,217,204,201,214,193,203,211,198,205,208,219,211,205,217,211,202,220,209,199,211,219,196,214,221,193,213,163,190,168,161,187,174,173,184,163,163,181,175,175,178,172,170,175,183,173,178,180,170,180,182,167,189,188,164,185,184,161,184,130,158,132,135,155,133,141,152,143,138,149,143,136,146,142,132,143,148,147,140,147,149,137,151,159,134,152,157,131,159,156,149,127,99,105,124,101,102,121,102,106,118,104,105,108,114,108,110,114,110,120,114,107,126,113,104,122,120,126,100,126,124,121,96,66,64,68,92,70,68,71,88,74,72,74,84,78,76,77,80,82,80,80,76,86,86,87,72,90,90,90,68,94,94,93,64,34,34,32,60,46,46,57,45,34,54,32,46,51,39,42,48,50,51,49,44,49,55,41,48,58,38,60,63,35,56,62,32,6,5,29,3,15,26,4,4,14,22,8,1,11,18,12,5,20,14,16,25,20,10,23,20,19,6,24,17,30,2,28,20,231,253,225,227,226,249,229,239,239,245,233,234,230,241,237,246,251,237,241,242,240,233,245,254,253,229,249,250,250,225,253,198,199,221,193,194,196,217,197,206,201,213,201,204,202,209,205,208,215,205,209,222,213,201,214,219,217,197,217,214,214,193,221,164,166,189,161,160,166,185,165,169,163,181,169,171,172,177,173,183,177,173,177,179,182,169,181,191,187,165,185,188,182,161,189,128,139,157,129,132,128,153,134,139,142,149,138,139,134,145,142,151,145,141,145,146,149,137,149,158,147,133,153,152,150,129,157,100,107,125,97,96,96,121,101,108,109,117,106,106,111,113,110,119,115,109,114,115,126,105,117,127,126,101,121,123,122,97,125,75,69,93,65,79,66,89,69,67,79,85,73,73,72,81,78,80,87,77,82,84,83,73,86,88,90,69,90,93,89,65,94,32,43,61,33,33,38,57,38,43,40,53,42,47,45,49,46,50,54,45,49,48,52,41,53,60,60,37,57,56,62,33,61,5,11,29,1,0,6,25,5,13,3,21,10,14,7,17,14,18,26,13,18,22,20,9,21,19,24,5,25,26,26,1,29,230,231,252,230,227,237,248,234,239,233,244,238,235,232,240,241,240,242,236,246,245,243,232,250,254,240,228,254,250,250,224,194,193,199,220,197,199,195,216,202,206,200,212,206,205,202,208,210,219,216,204,214,211,210,200,218,217,209,196,222,219,220,192,162,166,164,188,166,175,167,184,170,169,170,180,174,173,164,176,178,183,183,172,182,181,182,168,186,191,176,164,190,186,190,160,130,134,130,156,133,134,133,152,138,137,137,148,142,137,132,144,146,149,149,140,149,151,146,136,153,152,154,132,157,154,159,128,97,102,98,124,101,98,101,120,105,110,104,116,110,105,101,112,114,117,119,108,118,127,116,104,122,114,113,100,126,118,127,96,65,71,64,92,70,78,64,88,74,66,79,84,78,72,72,80,82,84,83,76,86,94,86,72,90,82,91,68,94,93,94,64,34,37,38,60,38,32,36,56,42,45,44,52,46,38,43,48,50,53,49,44,54,48,61,40,57,57,62,36,61,58,58,32,1,1,4,28,6,1,1,24,10,12,1,20,6,15,17,11,18,14,25,16,11,16,22,8,30,29,5,25,25,2,28,27,254,226,224,251,229,228,248,227,234,245,224,237,242,229,229,239,251,241,236,255,242,233,246,254,230,255,252,227,249,245,224,196,198,221,199,193,218,205,197,215,205,204,212,201,199,209,202,218,206,208,212,203,215,221,200,218,216,197,223,218,194,218,217,191,165,160,188,174,167,185,163,173,182,171,175,179,172,164,176,177,183,173,179,182,170,176,180,167,191,184,164,187,182,161,184,138,158,128,129,131,154,132,133,137,150,136,138,136,146,140,142,151,142,144,145,159,138,144,157,135,155,153,159,131,159,159,158,127,99,96,102,123,111,109,120,98,109,117,105,111,105,113,106,122,110,112,113,127,106,116,116,126,102,122,123,99,123,124,96,71,69,93,70,78,90,76,77,87,75,75,73,83,79,79,75,79,83,81,85,75,87,85,87,71,88,88,68,94,86,65,85,35,62,35,39,59,36,38,56,47,54,33,32,51,38,46,48,55,55,45,50,63,42,52,48,39,56,61,36,60,63,33,62,2,30,7,3,27,7,7,24,10,15,21,14,6,18,10,11,15,19,17,20,11,23,21,16,7,28,30,4,25,26,1,26,231,253,231,239,250,231,236,247,235,236,244,236,239,241,237,246,238,240,244,235,240,233,240,253,230,250,253,227,248,255,224,194,192,195,220,197,193,217,193,202,214,207,202,211,203,206,208,210,211,210,204,222,223,201,213,217,221,197,217,221,216,193,222,162,190,167,163,187,163,173,184,173,170,181,172,173,178,174,169,175,183,176,172,178,179,169,181,167,190,186,164,187,182,161,191,134,158,133,134,155,133,135,152,136,137,149,140,142,146,137,138,143,148,147,140,147,144,137,144,159,134,152,155,131,156,159,159,127,96,96,100,123,100,100,98,119,104,104,96,115,108,108,111,111,115,117,117,107,119,125,125,103,123,113,127,99,127,120,116,95,67,68,73,91,71,64,66,87,75,76,79,83,76,77,77,79,80,80,86,75,84,85,86,71,88,91,88,67,95,84,89,63,32,33,33,59,36,39,35,55,40,41,32,51,44,45,47,47,51,53,49,43,52,49,52,39,59,48,58,35,60,63,60,31,0,1,2,27,7,12,0,23,8,8,15,19,15,14,4,15,19,20,16,11,23,22,18,7,24,25,30,3,28,25,27,254,227,229,231,250,231,224,234,246,232,239,234,242,239,237,240,238,243,244,241,234,247,246,243,230,248,241,251,226,255,249,194,222,195,195,192,218,199,199,207,214,203,204,203,210,207,200,218,206,211,213,211,202,212,211,221,198,216,208,216,194,220,213,164,190,163,163,165,186,167,160,173,182,171,170,171,178,172,165,180,174,179,180,177,170,183,183,184,166,184,190,188,162,188,186,132,158,128,131,135,154,132,135,143,150,136,138,135,146,140,142,155,142,144,151,150,138,148,146,147,134,152,158,150,130,159,157,103,126,96,101,98,122,100,97,110,118,104,109,111,114,108,104,116,110,112,117,126,106,119,116,115,102,120,125,126,98,124,120,67,94,64,69,79,90,68,64,78,86,72,77,77,82,79,77,91,78,80,89,95,74,87,85,93,70,88,95,89,66,92,95,37,62,32,36,47,58,36,32,47,54,40,43,45,50,44,40,51,46,48,50,63,42,52,55,56,38,59,56,56,34,60,62,11,30,0,3,15,26,4,1,14,22,8,1,8,18,15,12,19,14,16,23,20,10,20,17,31,6,24,27,25,2,28,20,229,253,225,224,238,249,230,239,236,245,234,234,236,241,238,241,241,237,242,246,241,233,246,255,250,229,250,251,255,225,254,198,198,221,194,194,195,217,197,195,204,213,201,200,203,209,205,219,213,205,209,223,212,201,213,211,211,197,218,219,217,193,221,167,171,189,161,160,162,185,165,162,170,181,169,169,174,177,174,177,180,173,178,178,178,169,182,185,190,165,185,187,182,161,189,128,138,157,129,129,128,153,133,141,139,149,138,138,139,145,142,145,154,141,145,145,147,137,149,156,153,133,153,150,158,129,159,98,126,101,124,101,99,121,101,99,118,105,116,111,114,108,112,114,122,109,115,118,106,116,118,103,123,126,100,125,120,97,125,67,94,64,67,91,79,89,69,78,86,77,74,83,74,75,80,86,78,83,76,84,74,85,72,92,91,69,81,93,66,90,84,63,36,36,60,32,36,57,32,55,43,43,43,51,41,44,48,58,50,45,49,53,49,41,61,50,38,56,58,58,34,60,62,1,30,0,2,3,26,0,5,23,14,12,20,11,7,17,11,22,14,24,17,11,23,20,19,7,27,24,26,3,26,29,0,231,226,252,230,231,237,248,234,232,237,244,238,239,238,240,247,245,237,245,245,234,241,247,231,255,252,228,251,249,225,255,193,222,197,196,219,192,198,216,206,194,213,206,207,210,206,207,207,214,211,204,210,223,201,215,211,198,223,216,195,215,221,192,171,165,189,168,174,186,163,162,183,173,168,180,166,174,177,173,177,183,173,177,181,181,169,189,191,166,176,189,163,183,191,160,138,129,157,130,143,154,140,152,137,143,149,138,143,146,142,144,148,145,141,147,159,138,145,136,154,134,145,132,152,130,156,149,127,99,125,98,97,122,103,120,98,118,109,105,115,106,113,104,111,116,109,115,113,106,116,116,123,102,120,121,121,98,124,124,71,94,64,65,67,90,68,66,87,76,74,84,73,79,81,72,90,78,85,85,75,87,84,85,71,91,88,93,67,88,93,64,39,35,61,37,34,58,32,38,55,40,41,52,47,50,43,48,50,50,56,44,54,55,48,40,58,59,60,36,62,62,53,32,10,5,29,1,5,1,25,5,9,13,21,1,9,18,12,12,26,14,16,18,20,10,20,22,24,6,16,31,3,24,21,0,227,233,232,251,231,224,229,247,235,237,224,243,239,233,229,239,243,245,246,235,244,244,247,231,251,240,252,227,252,253,244,223,192,192,193,219,196,196,204,215,203,205,206,211,204,200,201,207,208,208,211,203,212,213,213,199,216,219,216,195,220,223,220,191,160,160,162,187,164,161,160,183,168,169,173,179,172,175,175,175,179,184,185,171,180,177,183,167,184,185,185,163,188,188,187,159,128,129,131,155,135,140,129,151,139,141,136,147,143,137,136,143,147,146,152,139,151,144,145,135,155,159,157,131,159,155,159,127,99,105,98,123,103,109,103,119,107,97,104,115,111,101,109,111,112,117,116,107,116,119,113,103,120,125,121,99,124,120,126,95,64,68,65,91,71,66,67,87,72,73,76,83,76,72,78,79,80,82,82,75,84,80,80,71,88,93,94,67,92,94,91,63,35,39,38,59,39,45,34,55,43,47,44,51,44,41,42,47,48,51,53,43,52,49,53,39,56,59,49,35,60,63,52,31,0,3,4,27,4,5,4,23,8,13,1,19,12,15,4,15,19,18,21,11,23,23,29,7,27,26,27,3,31,30,29,254,227,225,227,250,231,229,238,246,235,233,237,242,239,237,240,238,240,245,255,234,244,241,253,230,248,252,248,226,252,248,199,222,192,196,193,218,199,198,200,214,200,203,200,210,204,200,219,206,208,214,222,202,212,208,216,198,216,219,215,194,220,217,163,190,160,164,166,186,164,167,171,182,168,161,169,178,175,173,181,174,176,185,179,170,180,179,187,166,184,188,189,162,188,184,133,158,128,133,131,154,132,128,137,150,136,139,143,146,140,136,145,142,144,148,148,138,148,157,156,134,152,155,155,130,156,152,99,126,96,102,102,122,103,97,110,118,107,108,105,114,108,110,123,110,112,117,114,106,116,118,115,102,120,126,123,98,124,122,64,94,64,71,64,90,68,76,75,86,72,64,74,82,79,73,86,78,83,84,84,74,87,85,95,70,91,89,95,66,95,88,42,62,35,35,39,58,39,39,42,54,43,42,39,50,44,43,53,46,48,55,54,42,52,48,63,38,56,48,63,34,60,59,10,30,0,6,6,26,4,2,15,22,8,14,6,18,15,14,20,14,16,19,16,10,20,18,31,6,24,30,27,2,28,26,228,253,230,238,250,231,228,247,226,245,233,231,242,236,237,241,238,248,245,235,255,246,232,243,251,229,255,248,226,252,249,223,195,200,220,206,196,217,195,200,214,193,207,211,198,201,208,210,211,215,204,222,208,201,213,219,216,197,217,220,194,220,212,191,163,164,188,167,186,164,163,183,168,181,169,170,178,174,172,175,176,181,172,180,183,169,182,167,185,190,164,188,187,161,185,135,158,132,133,155,131,135,152,142,137,149,137,143,141,145,141,145,144,141,150,144,138,148,148,154,134,152,152,151,130,156,157,97,126,96,97,110,122,100,102,107,118,108,106,115,105,100,112,114,115,115,108,118,119,119,104,122,122,120,100,126,126,117,96,66,66,71,92,78,64,89,69,74,73,85,73,78,76,81,79,81,78,87,80,75,82,83,72,93,90,69,89,67,89,65,88,33,62,37,35,59,34,37,56,47,43,53,43,51,45,45,48,48,59,45,49,43,54,41,54,51,38,59,63,35,60,61,32,11,2,29,4,0,26,7,13,23,11,12,20,12,15,17,14,18,14,16,18,11,30,28,8,18,27,5,31,30,2,31,0,224,226,252,228,250,228,224,247,239,245,233,239,230,241,237,243,242,237,249,255,234,244,244,249,230,254,255,227,249,249,224,196,199,221,199,197,218,199,194,215,201,193,212,202,202,209,207,214,206,212,217,203,215,215,214,199,223,218,196,220,217,193,218,160,190,167,161,187,162,166,184,174,169,181,173,175,178,168,174,175,179,176,181,171,183,180,183,167,178,189,164,184,184,161,189,131,129,157,129,135,134,153,133,139,139,149,129,135,146,132,133,143,155,151,140,158,145,137,149,154,154,133,155,154,130,158,153,127,102,103,124,99,101,121,103,98,118,104,104,107,114,107,109,111,115,116,112,107,119,118,124,103,123,125,112,99,127,126,127,95,67,72,65,91,71,77,65,87,75,77,76,83,79,73,73,79,83,84,88,75,87,80,93,71,91,92,94,67,95,88,91,63,35,36,36,59,39,32,33,55,40,41,47,51,44,45,37,47,48,49,55,43,52,53,55,39,59,48,59,35,63,62,63,31,3,8,6,27,4,5,13,23,11,0,11,19,12,13,8,15,16,17,19,11,23,23,29,7,24,28,26,3,28,29,24,254,227,225,225,250,231,228,237,246,232,225,231,242,239,238,242,238,240,248,245,234,247,240,248,230,251,253,254,226,252,249,193,222,192,197,197,218,196,195,194,214,200,207,201,210,204,203,212,206,208,217,215,202,212,221,218,198,216,208,215,194,220,212,170,190,160,168,161,186,164,172,172,182,168,160,171,178,172,164,182,174,176,182,177,170,183,176,184,166,184,190,187,162,188,180,135,158,128,134,133,154,135,128,140,150,136,142,143,146,140,139,147,142,144,151,147,138,148,157,154,134,152,158,157,130,156,148,106,126,96,105,102,122,100,103,111,118,104,107,111,114,108,106,122,110,115,113,115,106,119,117,126,102,123,121,125,98,127,125,64,94,67,65,71,90,71,69,74,86,75,72,71,82,79,76,90,78,83,82,85,74,87,86,88,70,91,90,95,66,92,88,38,62,32,36,46,58,36,33,41,54,40,45,44,50,44,40,58,46,48,57,63,42,52,55,63,38,56,59,57,34,60,56,10,30,0,3,15,26,4,7,11,22,8,1,13,18,15,14,19,14,19,16,17,10,20,29,18,6,24,26,22,2,28,24,226,253,225,226,238,249,229,232,235,245,233,230,230,241,237,246,246,237,241,254,247,233,245,243,255,229,250,250,252,225,253,197,195,221,194,195,196,217,198,207,195,213,202,203,206,209,206,209,213,205,210,211,209,201,214,222,223,197,218,219,217,193,222,166,161,189,162,164,163,185,166,175,168,181,170,171,166,177,174,183,180,173,178,180,182,169,182,191,191,165,186,191,191,161,190,131,133,157,130,133,128,153,134,137,141,149,138,141,138,145,142,145,151,141,146,148,158,137,150,152,147,133,154,156,152,129,158,96,101,125,98,100,98,121,102,104,111,117,106,108,108,113,110,112,113,109,118,113,106,124,119,103,123,121,122,99,121,125,96,69,71,93,73,66,90,76,68,87,67,72,84,78,73,81,77,83,86,77,87,94,74,92,85,71,82,92,68,88,91,65,91,32,62,38,33,59,46,32,56,45,47,53,47,42,50,43,41,47,59,49,44,55,42,55,60,39,59,61,36,60,63,33,62,31,0,8,28,4,7,25,5,10,22,10,20,6,18,14,4,15,23,22,12,20,20,9,23,25,6,28,24,3,27,26,0,230,233,252,226,225,249,224,236,246,239,235,243,234,228,240,245,243,237,241,245,245,233,245,250,243,229,249,255,250,225,253,194,193,221,193,199,197,217,192,205,214,192,212,206,203,209,207,215,206,210,213,203,213,215,200,216,217,197,220,217,194,217,219,191,166,165,188,163,163,185,160,169,182,173,171,179,170,173,176,183,179,173,177,171,180,183,168,185,179,165,185,163,183,189,160,133,133,157,137,131,154,131,129,151,141,142,148,135,136,145,141,146,145,141,145,150,159,137,157,155,134,144,153,131,150,149,128,107,107,125,103,103,122,98,101,119,108,97,116,105,103,113,107,111,115,114,108,115,106,116,116,115,102,120,120,127,98,122,117,95,69,71,92,64,65,89,67,79,86,72,76,83,72,81,77,80,78,80,82,80,74,92,84,71,83,93,68,87,86,65,84,43,62,32,33,34,58,36,37,41,54,40,41,44,50,44,46,53,46,52,49,43,51,52,40,61,56,37,61,54,34,56,57,31,3,3,0,27,2,1,24,15,13,21,12,19,10,14,16,22,23,13,20,19,10,22,28,7,31,25,4,22,25,1,29,227,228,252,230,231,228,248,238,246,234,237,243,235,234,240,245,241,237,244,246,234,246,253,231,248,248,251,227,252,252,252,223,195,196,196,219,196,196,205,215,200,200,205,211,207,196,202,207,211,212,210,203,215,209,211,199,216,218,221,195,220,217,218,191,160,164,165,187,164,164,164,183,168,169,168,179,172,172,175,175,176,179,177,171,180,181,183,167,187,186,186,163,191,185,190,159,131,135,137,155,135,130,129,151,139,138,136,147,143,142,141,143,147,147,152,139,151,151,157,135,152,152,145,131,159,148,148,127,96,98,105,123,103,108,96,119,104,104,110,115,111,100,107,111,112,113,117,107,116,116,125,103,123,113,124,99,124,124,126,95,64,68,65,91,68,70,69,87,72,76,74,83,76,73,74,79,80,83,86,75,87,92,81,71,88,92,93,67,92,88,93,63,32,37,37,59,36,38,38,55,40,42,43,51,47,37,43,47,51,55,53,43,55,61,49,39,56,56,57,35,63,52,57,31,0,2,7,27,4,6,6,23,11,14,10,19,12,14,11,15,16,19,25,11,20,17,18,7,27,31,30,3,31,20,29,254,224,230,231,250,228,227,232,246,232,224,232,242,236,235,250,238,240,246,246,234,244,247,249,230,251,253,253,226,255,253,198,222,195,193,197,218,199,197,200,214,203,201,207,210,204,207,215,206,208,213,212,202,212,211,211,198,216,220,218,194,220,216,162,190,160,164,161,186,164,161,169,182,168,171,169,178,175,173,176,174,176,182,191,170,180,177,185,166,184,188,183,162,188,191,131,158,128,131,143,154,132,128,142,150,136,129,139,146,143,142,145,142,144,153,149,138,148,151,158,134,152,157,153,130,156,152,97,126,96,98,110,122,100,103,109,118,107,107,110,114,111,110,118,110,115,114,126,106,119,118,124,102,123,124,121,98,127,120,68,94,67,68,67,90,71,64,78,86,72,65,79,82,76,68,91,78,80,87,94,74,84,83,93,70,88,95,87,66,95,89,38,62,32,38,47,58,36,44,43,54,40,47,43,50,44,36,48,46,48,56,62,42,55,48,50,38,59,61,62,34,63,63,2,30,0,4,6,26,4,3,10,22,8,15,8,18,12,4,16,14,16,22,22,10,20,19,30,6,24,31,28,2,28,27,226,253,226,229,224,249,229,237,233,245,233,232,235,241,237,251,250,237,242,245,242,233,246,248,255,229,241,246,226,245,253,223,197,198,220,192,198,217,197,201,205,213,192,206,210,197,207,207,219,208,204,223,213,201,215,219,198,219,216,195,219,216,192,167,171,189,162,163,186,167,161,183,172,181,175,179,166,173,176,180,180,173,184,177,170,178,189,167,188,176,164,190,187,161,189,129,135,157,135,135,154,141,130,151,141,139,148,142,142,145,142,145,142,153,140,150,148,145,136,147,152,133,153,157,152,129,157,97,99,125,99,110,122,99,100,119,107,107,109,115,111,108,107,111,115,113,114,107,115,113,104,127,124,101,124,119,98,123,125,95,70,67,92,66,67,89,65,77,86,77,73,83,74,79,80,80,91,77,84,95,74,80,87,71,94,90,68,94,90,65,93,35,62,34,35,59,34,35,56,47,45,53,44,43,50,44,46,50,46,56,57,43,55,55,51,39,59,57,56,35,63,61,52,31,10,9,28,2,5,25,6,10,22,11,10,19,12,8,16,17,18,13,18,11,21,21,8,26,27,5,25,24,2,31,24,254,229,225,251,238,249,230,237,246,235,234,243,239,237,240,241,240,237,246,235,244,247,232,251,230,248,250,227,254,225,254,198,222,199,197,219,206,198,216,204,195,213,193,204,210,196,202,207,219,215,204,208,211,201,211,217,198,222,219,195,223,220,212,191,161,164,188,161,167,185,167,168,182,175,170,179,171,169,176,178,176,183,172,178,170,176,189,167,185,176,164,187,190,161,189,129,135,157,129,135,133,153,133,137,137,149,137,141,140,145,141,147,142,149,153,139,149,157,136,152,159,133,157,155,130,148,148,127,102,97,124,100,97,121,97,109,118,104,105,111,114,111,100,111,119,114,108,113,116,105,114,121,102,125,126,99,125,122,96,66,66,70,92,70,78,66,88,74,66,64,84,78,74,69,80,82,86,88,76,86,82,83,72,90,94,94,68,94,87,91,64,33,35,39,60,37,38,39,56,41,43,40,52,45,47,42,48,50,54,54,44,53,51,55,40,57,59,59,36,61,63,57,32,1,2,4,28,6,5,1,24,10,15,13,20,14,13,15,16,17,16,21,12,21,22,17,8,25,27,29,4,29,30,24,0,227,229,227,251,228,230,230,247,235,224,234,243,239,228,232,239,240,240,247,235,247,246,246,231,248,250,254,227,255,244,245,223,192,195,193,219,196,192,192,215,200,205,206,211,204,201,197,207,208,208,213,203,212,208,208,199,216,221,218,195,220,217,223,191,160,164,160,187,167,161,163,183,171,173,161,179,175,165,164,175,179,185,185,171,183,189,178,167,187,177,191,163,188,190,186,159,128,133,128,155,132,129,134,151,136,138,141,147,140,143,137,143,147,150,145,139,148,148,144,135,152,154,152,131,156,153,148,127,96,101,101,123,100,103,101,119,104,106,104,115,108,105,106,111,112,114,114,107,119,114,116,103,123,113,122,99,127,123,116,95,67,73,71,91,71,76,65,87,72,76,72,83,76,72,72,79,80,80,83,75,84,84,84,71,88,88,89,67,92,93,84,63,35,34,35,59,39,32,37,55,43,42,33,51,47,41,40,47,51,52,50,43,52,52,54,39,59,62,61,35,63,56,59,31,3,3,9,27,7,1,2,23,11,15,12,19,15,14,5,15,19,18,23,11,23,17,21,7,27,29,29,3,28,28,29,254,224,233,228,250,231,229,234,246,235,232,232,242,236,235,246,238,240,243,247,234,244,247,255,230,248,251,253,226,252,249,199,222,195,193,207,218,199,192,195,214,200,207,200,210,204,202,213,206,208,216,209,202,212,221,218,198,216,218,214,194,220,217,162,190,160,164,160,186,167,160,173,182,171,171,166,178,175,168,179,174,179,181,180,170,183,183,191,166,187,188,184,162,191,184,139,158,131,131,130,154,135,128,136,150,139,140,141,146,143,143,148,142,147,144,151,138,151,148,155,134,155,154,152,130,159,158,103,126,99,98,98,122,103,103,99,118,104,96,104,114,108,106,118,110,112,120,114,106,116,114,125,102,120,127,123,98,127,127,67,94,64,69,64,90,77,70,87,77,79,84,73,75,81,69,84,78,86,81,75,80,83,72,82,94,69,80,90,66,84,92,63,35,33,36,59,33,44,56,34,43,53,32,42,50,42,41,47,53,50,44,48,55,41,60,62,38,63,61,35,57,56,32,5,7,29,9,7,26,5,24,9,2,21,9,11,18,14,12,15,17,18,12,20,31,9,21,27,6,24,25,3,22,1,21,254,232,232,251,231,231,226,247,227,239,244,238,236,236,240,242,243,248,236,241,247,233,242,243,230,248,249,249,226,252,252,193,222,192,192,192,218,194,205,215,203,201,205,211,207,205,200,207,211,208,214,203,215,212,209,199,219,219,220,195,216,212,192,162,162,165,188,166,166,161,184,170,170,175,180,174,175,175,176,183,186,173,179,181,170,179,180,167,190,191,164,184,184,161,181,138,158,136,135,155,135,133,133,151,139,139,137,147,139,132,144,144,155,141,145,145,138,144,136,153,157,133,154,155,130,158,158,127,103,99,124,98,102,121,108,98,118,110,96,115,102,110,112,122,112,109,119,112,106,125,114,103,115,120,100,120,124,97,116,67,94,64,64,64,90,68,68,66,86,79,64,83,72,68,80,85,84,77,86,80,74,87,84,71,82,69,90,89,66,94,64,42,62,39,39,59,35,45,56,42,42,53,42,41,50,44,46,47,55,55,44,52,51,41,53,58,60,37,57,63,58,33,61,2,6,29,5,4,26,6,0,23,14,1,20,10,15,17,9,27,14,25,17,11,30,18,8,26,24,27,4,30,28,30,0,227,227,224,251,231,231,229,247,239,233,244,235,232,241,232,251,238,245,241,235,245,252,232,250,250,240,228,253,248,225,244,223,193,195,220,195,197,217,192,202,214,204,203,211,207,205,202,207,211,208,216,203,215,213,208,199,219,219,219,195,223,213,219,191,163,169,169,187,167,173,161,183,171,160,169,179,175,169,170,175,179,181,183,171,183,177,176,167,187,189,189,163,188,188,188,159,128,129,136,155,132,135,135,151,136,139,136,147,140,140,136,143,147,148,149,139,148,149,151,135,152,153,156,131,159,148,154,127,96,96,97,123,100,101,97,119,104,105,97,115,108,109,106,111,115,120,120,107,119,119,124,103,123,124,126,99,127,121,126,95,64,66,64,91,71,76,64,87,72,75,74,83,76,79,78,79,80,81,82,75,87,92,92,71,88,89,90,67,92,89,95,63,35,41,37,59,36,32,36,55,40,45,40,51,44,47,37,47,51,57,55,43,55,50,60,39,59,48,63,35,60,56,61,31,0,2,1,27,4,6,6,23,8,9,1,19,12,8,13,15,16,21,25,11,20,16,23,7,24,29,29,3,31,27,24,254,224,231,227,250,228,231,236,246,232,236,236,242,236,234,241,238,240,246,244,234,244,242,251,230,248,254,254,226,255,249,192,222,195,197,199,218,199,199,195,214,203,204,198,210,207,206,212,206,211,213,210,202,215,214,211,198,219,219,217,194,223,221,165,190,160,166,163,186,164,161,172,182,168,172,172,178,172,169,178,174,179,177,182,170,183,180,190,166,187,184,182,162,188,187,130,158,128,136,128,154,132,128,130,150,136,140,139,146,143,140,147,142,147,145,148,138,148,145,155,134,152,157,153,130,156,152,102,126,99,96,96,122,103,101,104,118,107,104,110,114,108,101,119,110,115,113,118,106,119,116,127,102,120,113,124,98,127,126,65,94,64,73,66,90,71,68,79,86,75,74,76,82,79,77,91,78,80,89,83,74,87,86,82,70,91,90,88,66,95,88,37,62,35,36,32,58,39,32,47,54,43,44,42,50,44,42,50,46,48,54,49,42,52,51,51,38,56,62,58,34,60,52,0,30,0,7,6,26,4,3,13,22,8,0,11,18,15,8,23,14,16,19,30,10,20,28,24,6,24,31,31,2,28,27,231,253,225,224,239,249,229,236,233,245,233,232,238,241,237,244,240,237,242,245,241,233,246,254,249,229,250,253,251,225,253,198,199,221,193,196,207,217,197,205,207,213,201,201,206,209,206,215,218,205,210,213,223,201,213,221,220,197,217,216,220,193,218,167,190,163,168,187,163,185,167,171,182,168,161,179,174,177,174,186,174,178,176,171,183,176,168,186,188,165,186,182,162,180,160,138,158,128,135,155,131,135,152,143,142,149,143,147,138,145,137,143,144,141,152,151,138,157,145,135,156,158,132,150,158,129,155,99,126,105,104,123,96,96,120,108,99,117,109,115,111,109,106,111,117,115,108,118,119,114,104,122,120,125,100,126,127,120,96,66,66,66,92,70,68,64,88,74,74,75,84,78,76,75,80,82,83,86,76,80,82,73,85,91,83,69,89,93,91,65,93,34,39,61,33,39,35,57,37,43,45,53,41,45,47,49,45,51,53,45,57,62,42,52,52,62,38,56,56,60,34,60,62,7,30,2,4,27,0,7,24,8,8,21,12,7,18,14,16,22,14,21,20,11,18,16,8,31,24,5,28,28,2,28,30,225,253,225,229,226,249,230,235,246,234,244,237,231,241,237,239,241,241,236,245,244,233,253,255,230,250,255,227,252,250,224,196,222,201,220,206,197,217,195,202,214,192,201,211,199,205,208,209,219,205,209,210,202,215,212,199,221,197,217,223,194,220,218,191,165,189,167,175,186,163,184,162,182,175,172,179,171,164,176,176,183,173,180,177,170,188,168,191,187,165,185,184,162,191,188,159,135,128,156,135,154,131,134,151,139,136,138,147,135,137,144,154,146,141,145,150,149,137,149,153,156,133,153,157,153,129,157,97,102,125,100,97,122,97,99,119,111,110,116,107,106,113,104,123,110,116,112,107,114,118,104,120,121,101,121,127,121,97,120,95,70,69,92,67,64,89,65,72,86,72,73,79,82,76,77,87,78,80,80,95,74,93,72,88,92,69,94,93,66,94,91,63,35,33,35,59,36,33,36,55,40,40,46,51,44,44,36,47,51,56,51,43,55,48,50,39,56,61,60,35,60,63,63,31,3,8,7,27,4,4,0,23,8,11,10,19,12,13,5,15,16,18,24,11,20,23,23,7,24,24,28,3,28,29,21,254,227,225,238,250,231,228,234,246,235,232,236,242,236,229,241,238,240,246,255,234,244,242,243,230,248,251,254,226,252,254,203,222,192,194,206,218,196,192,201,214,203,202,207,210,207,205,212,206,211,208,208,202,215,214,217,198,216,209,219,194,223,222,163,190,160,169,160,186,167,160,168,182,168,160,170,178,172,165,177,174,179,180,183,170,183,183,191,166,187,187,190,162,188,181,134,158,131,132,143,154,135,134,131,150,139,141,143,146,140,132,155,142,144,150,151,138,148,156,157,134,152,159,159,130,156,155,96,126,96,100,111,122,100,96,107,118,104,110,104,114,108,106,119,110,112,118,114,106,116,114,121,102,123,124,127,98,127,120,70,94,67,66,64,90,71,65,75,86,75,75,79,82,79,72,91,78,83,82,82,74,87,87,82,70,88,94,90,66,95,94,35,62,35,35,33,58,36,32,41,54,40,43,46,50,44,36,48,46,48,53,51,42,52,49,51,38,56,61,57,34,60,63,3,30,0,9,3,26,7,6,9,22,8,1,11,18,15,14,19,14,16,25,23,10,20,16,18,6,24,29,30,2,28,25,227,253,225,228,239,249,230,234,233,245,234,239,239,241,237,240,242,237,241,242,247,233,245,255,251,229,249,251,252,225,253,196,202,221,193,193,192,217,197,204,200,213,201,198,199,209,206,209,210,205,209,222,213,201,214,219,216,197,218,222,215,193,221,170,164,189,162,167,167,185,166,169,162,181,170,173,168,177,174,177,183,173,178,178,180,169,182,185,185,165,186,190,185,161,190,135,130,157,130,131,135,153,134,142,142,149,138,138,139,145,141,148,151,141,145,145,158,137,149,147,158,133,153,152,155,129,157,100,101,125,97,96,101,121,101,108,106,117,105,105,108,113,110,112,118,109,113,115,115,105,117,125,125,101,121,119,121,97,125,75,66,93,65,67,64,89,69,67,76,85,73,71,71,81,77,85,81,77,81,81,80,73,85,92,95,69,89,90,87,65,93,43,36,61,33,33,46,57,44,34,54,46,41,51,40,36,48,59,49,45,54,50,42,61,49,39,51,60,36,54,61,33,59,3,30,3,8,27,6,25,6,13,22,8,8,19,11,14,16,22,19,13,22,11,17,9,16,7,31,5,16,30,2,21,26,254,231,230,251,238,224,248,236,235,245,225,238,242,235,232,239,245,243,236,243,234,244,246,248,230,254,251,227,247,252,224,194,195,196,220,198,196,196,216,194,204,213,205,204,210,201,203,207,215,208,204,214,215,221,200,210,211,197,217,221,217,193,221,162,166,189,161,165,167,185,165,173,182,168,174,179,171,164,176,182,180,173,181,176,170,182,188,167,187,184,190,163,191,188,191,159,131,129,131,155,135,132,140,151,139,137,142,147,143,140,138,143,147,145,153,139,151,149,147,135,153,154,132,151,152,129,154,107,126,96,96,103,122,100,101,106,118,104,104,102,114,108,109,112,110,121,118,107,113,113,104,115,126,101,127,126,98,124,126,68,94,64,66,70,90,68,70,78,86,72,74,76,82,68,72,79,91,84,76,94,84,73,93,88,70,91,90,67,92,93,64,33,37,61,34,35,58,36,36,55,45,40,52,46,40,49,44,47,48,55,44,53,53,41,55,63,38,56,60,35,60,63,32,4,11,29,8,6,26,2,3,23,9,12,20,10,18,15,11,15,16,24,12,18,19,9,17,28,6,28,29,3,26,21,0,227,227,228,251,224,228,248,238,233,245,235,231,242,236,237,251,238,240,242,242,234,253,232,254,252,229,251,251,226,249,251,223,192,199,220,194,194,217,194,201,214,200,200,206,210,204,204,218,206,214,210,203,209,215,200,210,211,197,209,217,194,212,219,191,163,160,160,187,163,172,184,175,171,181,173,172,178,171,174,175,187,173,179,190,170,177,189,167,187,188,186,163,188,191,180,159,128,131,129,155,132,133,131,151,136,136,141,147,143,137,139,143,147,149,145,139,151,145,145,135,152,154,157,131,156,152,157,127,96,96,99,123,100,101,108,119,107,106,110,115,111,105,101,111,112,112,116,107,116,119,116,103,120,121,113,99,127,121,127,95,67,69,72,91,71,70,77,87,75,76,76,83,79,73,79,79,83,83,88,75,87,81,81,71,91,90,88,67,95,89,95,63,35,36,38,59,39,39,45,55,43,42,32,51,47,40,46,47,51,52,50,43,55,55,60,39,59,60,61,35,63,56,59,31,3,9,0,27,7,13,5,23,11,14,0,19,15,10,5,15,16,19,24,11,20,17,16,7,24,26,24,3,28,30,25,254,227,226,229,250,231,224,233,246,235,234,233,242,236,228,242,238,243,240,247,234,247,240,253,230,251,252,250,226,255,255,203,222,195,196,199,218,199,199,205,214,203,203,200,210,207,207,212,206,208,214,215,202,212,220,211,198,216,223,219,194,223,221,171,190,163,160,167,186,167,166,163,182,171,171,174,178,172,164,182,174,176,182,177,170,183,183,186,166,184,188,184,162,188,190,139,158,131,130,135,154,132,141,140,150,139,138,143,146,140,133,151,142,147,146,151,138,151,148,146,134,155,152,153,130,159,157,98,126,99,98,103,122,103,100,110,118,107,105,109,114,111,108,116,110,115,113,117,106,119,117,124,102,123,121,123,98,127,124,69,94,67,67,68,90,71,71,66,86,72,65,75,82,76,69,86,78,80,89,85,74,84,93,88,70,88,93,91,66,92,95,43,62,32,36,47,58,36,33,40,54,40,46,39,50,44,47,49,46,48,52,51,42,52,61,50,38,56,59,59,34,60,52,4,30,0,8,6,26,4,12,9,22,8,0,12,18,12,4,20,14,16,25,22,10,20,28,18,6,24,16,25,2,28,20,228,253,225,224,226,249,229,232,237,245,233,230,239,241,237,245,241,237,241,240,244,233,246,255,243,229,250,250,255,225,254,192,195,221,194,196,198,217,193,200,214,192,203,211,207,205,207,207,218,208,204,213,212,210,200,218,211,220,196,222,215,218,192,161,161,167,188,165,165,162,184,169,169,173,180,173,173,168,176,178,186,185,172,182,177,183,168,188,179,165,190,187,162,188,189,138,158,136,131,155,129,128,152,136,138,149,137,142,135,145,132,146,142,153,145,139,145,151,136,153,147,133,159,131,156,154,128,98,96,100,124,111,97,121,108,104,118,110,108,115,111,109,112,122,123,109,119,112,106,114,115,103,114,125,100,126,123,97,125,67,71,93,70,67,90,77,76,87,76,64,84,72,75,81,75,83,78,82,87,75,85,80,72,94,94,69,93,90,66,88,94,63,39,34,60,38,38,39,56,42,43,33,52,46,46,41,48,50,50,48,44,62,52,41,53,58,56,37,57,63,62,33,57,2,30,6,8,27,7,7,2,23,3,15,20,14,14,4,16,27,23,13,17,22,22,9,21,25,28,5,17,25,2,30,24,254,231,226,251,229,231,248,239,226,245,237,235,242,239,240,245,238,245,245,235,242,247,232,255,249,229,252,255,226,252,254,198,222,192,201,219,199,192,216,203,214,204,205,211,204,196,208,210,211,205,217,211,202,214,211,199,216,222,196,216,194,213,192,170,161,189,167,166,186,172,165,183,163,169,180,166,175,177,173,179,181,173,177,183,191,169,178,179,166,191,177,163,184,187,160,133,133,157,130,135,154,129,152,137,136,149,138,136,146,137,138,143,144,141,145,159,138,147,157,135,158,155,132,151,130,152,159,127,100,97,124,98,103,121,103,98,118,111,105,115,109,101,112,117,112,109,117,116,106,119,125,103,126,113,100,123,118,97,121,67,94,69,64,91,71,69,64,87,75,75,72,83,79,77,76,79,83,81,82,75,82,73,80,88,70,93,89,67,90,88,64,39,43,61,33,38,35,57,37,42,43,53,44,47,50,43,45,47,49,52,44,52,52,41,54,63,38,56,58,35,63,61,32,10,5,29,1,4,5,25,5,8,15,21,9,10,12,17,13,23,27,13,17,21,31,9,21,24,27,5,25,26,24,1,29,230,228,252,230,226,228,248,234,238,234,244,238,234,228,240,242,245,247,236,246,241,243,232,250,255,252,228,254,251,255,224,194,199,194,220,198,197,193,216,201,203,200,212,206,199,206,208,209,208,208,204,213,215,209,200,217,216,220,196,221,222,218,192,161,163,166,188,166,164,173,184,169,175,168,180,173,174,172,176,177,179,178,172,181,180,183,168,185,185,187,164,190,183,180,160,130,139,134,156,133,130,140,152,137,136,128,148,142,136,138,144,146,154,144,140,150,145,144,136,154,157,144,132,157,159,156,128,97,103,101,124,101,98,103,120,105,110,105,116,109,109,101,112,114,117,117,108,118,126,117,104,121,127,122,100,125,125,121,96,65,70,71,92,69,69,64,88,73,75,74,84,78,71,72,80,82,91,88,76,86,81,85,72,90,93,94,68,94,86,92,64,34,42,33,60,38,32,39,56,42,45,44,52,46,39,45,48,50,58,53,44,54,63,52,40,58,60,62,36,62,56,53,32,2,10,6,28,6,15,0,24,10,3,13,20,13,12,12,16,17,22,25,12,21,18,29,8,25,27,24,4,29,30,21,0,224,225,233,251,228,231,230,247,235,234,225,243,239,232,239,239,243,242,243,235,247,241,246,231,251,241,253,227,255,248,253,223,195,195,201,219,196,197,196,215,203,193,203,211,207,206,202,207,211,210,210,203,215,215,221,199,219,218,220,195,223,222,218,191,163,165,162,187,167,166,164,183,171,170,161,179,175,174,171,175,179,180,185,171,183,179,189,167,187,186,186,163,191,190,190,159,131,130,132,155,135,131,128,151,136,139,128,147,140,137,136,143,144,146,146,139,148,145,150,135,155,157,156,131,159,148,157,127,99,105,105,123,103,98,99,119,107,110,107,115,108,110,101,111,112,117,115,107,119,125,124,103,123,127,113,99,127,117,127,95,67,73,64,91,71,65,76,87,75,75,64,83,79,78,72,79,80,82,87,75,84,81,84,71,88,93,94,67,92,89,89,63,32,34,39,59,36,38,44,55,40,44,43,51,44,41,37,47,48,53,56,43,52,54,52,39,56,58,61,35,60,56,60,31,0,4,2,27,4,25,6,2,22,12,14,19,11,11,16,18,27,13,17,17,10,20,19,7,25,25,4,24,27,1,20,235,253,230,238,250,226,236,247,235,235,233,243,230,234,240,245,247,237,248,235,247,245,245,231,253,252,228,247,249,225,251,195,222,198,192,219,206,199,216,202,203,205,212,200,207,209,196,214,206,214,211,203,215,215,209,199,220,222,196,215,221,193,219,164,190,167,169,187,163,161,184,175,168,181,173,173,178,174,171,175,177,176,172,181,179,169,176,179,166,189,177,163,184,191,160,133,129,157,129,135,130,153,133,137,138,149,129,135,146,140,141,146,142,152,144,139,151,148,156,135,155,155,158,131,154,156,128,107,102,125,97,103,102,121,101,106,104,117,105,111,108,113,109,114,114,109,113,118,113,105,112,125,102,124,120,99,122,121,96,66,66,70,92,70,68,69,88,74,74,79,84,78,78,76,80,82,82,89,76,86,84,86,72,90,88,92,68,87,90,65,84,38,62,41,34,59,46,38,56,41,34,53,43,47,50,47,37,47,49,49,44,54,48,41,61,56,38,56,60,35,60,56,32,6,11,29,2,5,26,7,4,23,3,21,9,19,12,14,16,21,20,13,25,19,10,19,16,7,30,25,4,31,2,31,20,254,227,228,251,231,231,248,239,246,225,244,238,237,241,235,242,238,244,246,235,243,245,232,248,255,229,249,253,251,225,253,194,192,221,198,219,196,192,216,202,194,213,204,198,210,201,201,207,215,209,204,210,208,201,208,219,198,216,218,222,194,220,221,160,190,169,164,187,161,163,184,170,170,170,180,174,174,173,176,178,178,176,172,190,190,169,177,190,166,186,188,163,188,161,191,128,158,135,129,155,133,129,152,143,138,149,141,137,146,140,140,146,142,144,145,139,149,157,136,154,147,159,132,157,159,154,128,97,98,104,124,102,111,108,120,105,104,109,116,109,111,109,112,113,115,115,108,117,119,115,104,121,122,122,100,125,126,121,96,66,71,71,92,70,68,77,88,74,79,77,84,77,77,69,80,81,87,83,76,85,86,93,72,89,90,90,68,94,93,90,64,33,34,35,60,38,47,39,56,41,43,42,52,46,45,36,48,50,54,53,44,54,50,52,40,58,62,59,36,62,59,53,32,2,7,7,28,6,5,7,24,10,12,14,20,14,8,12,16,18,17,23,12,22,21,18,8,26,18,27,4,30,22,30,0,224,227,228,251,228,225,227,247,232,233,225,243,236,232,238,239,240,243,246,235,244,240,241,231,248,252,249,227,252,254,251,223,195,198,200,219,196,197,193,215,200,204,201,211,204,206,207,207,208,212,211,203,212,209,211,199,216,221,218,195,223,219,219,191,163,169,165,187,167,163,161,183,168,173,174,179,172,174,172,175,176,181,184,171,180,177,177,167,184,185,188,163,188,191,184,159,128,133,132,155,135,135,140,151,139,139,128,147,143,138,141,143,147,151,152,139,151,147,157,135,152,152,156,131,159,158,157,127,99,101,101,123,103,97,101,119,107,106,108,115,111,106,107,111,115,116,121,107,119,118,115,103,120,121,112,99,127,122,125,95,67,68,67,91,71,70,71,87,75,77,74,83,79,74,78,79,83,82,88,75,87,80,86,71,91,92,88,67,95,88,93,63,35,35,41,59,39,39,45,55,43,32,44,51,44,47,46,47,51,56,50,43,55,49,61,39,59,60,62,35,63,56,56,31,3,2,7,27,4,7,0,23,8,11,12,19,12,13,15,15,16,17,16,11,20,21,21,7,24,29,30,3,31,27,31,254,224,231,224,250,228,227,232,246,232,238,233,242,236,232,246,238,240,249,246,234,244,242,242,230,251,252,255,226,252,255,192,222,192,196,206,218,196,195,194,214,200,193,207,210,204,197,211,206,208,214,215,202,215,208,210,198,219,221,222,194,223,223,162,190,163,164,161,186,167,164,171,182,171,168,175,178,175,172,181,174,179,176,181,170,183,180,191,166,184,177,185,162,191,191,138,158,131,131,129,154,135,135,140,150,139,139,139,146,140,138,154,142,144,152,158,138,148,156,146,134,159,159,131,151,156,128,106,99,125,98,111,122,100,102,109,118,96,109,115,104,101,112,116,117,109,121,119,106,116,118,125,102,126,122,99,121,117,96,68,75,93,72,64,90,77,67,87,72,74,84,78,78,77,80,84,80,77,87,81,74,83,81,71,93,91,68,93,88,65,85,43,62,39,37,59,32,32,56,45,44,53,47,45,50,42,47,47,59,52,44,55,42,50,61,39,51,48,36,62,60,60,32,2,3,8,28,14,1,25,5,9,9,21,9,13,10,17,13,17,20,13,21,16,10,16,17,7,27,17,4,29,28,1,26,227,253,229,239,250,224,237,247,239,239,244,234,233,241,239,251,238,242,249,235,245,243,232,250,250,241,228,254,254,253,224,192,199,221,193,198,192,217,197,203,202,213,201,206,198,209,205,209,209,205,215,223,202,220,220,199,219,216,220,195,221,218,192,170,160,189,161,167,174,185,165,175,182,170,180,167,170,177,171,177,174,182,185,171,190,182,168,190,179,165,189,189,162,190,181,159,139,132,156,143,154,135,133,151,137,136,148,141,143,145,141,146,149,141,145,150,147,137,147,155,134,158,153,131,152,149,128,101,107,125,102,97,122,99,99,119,108,109,116,105,107,113,107,123,110,118,121,107,113,115,104,124,125,101,123,127,98,124,120,95,67,71,92,69,79,89,70,75,86,76,78,83,74,73,80,82,80,82,76,81,74,80,80,71,94,89,68,92,89,65,94,42,62,37,40,59,34,45,56,46,42,53,44,47,50,44,44,55,46,48,50,55,42,52,52,59,38,56,56,61,34,57,32,7,1,29,4,6,26,1,1,23,14,0,20,14,15,8,16,18,19,16,12,19,22,9,18,26,6,26,29,3,29,31,0,224,229,252,230,228,249,229,235,246,224,239,243,239,238,232,239,243,244,245,235,247,246,246,231,251,252,251,227,255,255,244,223,195,194,196,219,199,198,199,215,203,204,202,211,207,202,197,207,211,217,209,203,215,208,210,199,219,220,223,195,223,216,216,191,163,164,165,187,167,160,166,183,171,172,171,179,175,174,168,175,179,178,181,171,183,182,182,167,187,186,187,163,191,190,188,159,131,130,129,155,132,132,134,151,139,128,142,147,140,140,136,143,144,144,153,139,148,150,156,135,155,144,156,131,156,156,156,127,99,98,99,123,100,96,102,119,104,105,108,115,108,110,100,111,112,115,119,107,119,125,116,103,123,127,112,99,127,122,116,95,67,70,71,91,68,69,77,87,72,77,74,83,76,72,79,79,80,84,80,75,84,86,93,71,88,90,80,67,95,85,90,63,32,35,32,59,36,38,32,55,40,45,32,51,44,46,46,47,48,53,51,43,52,55,49,39,56,59,61,35,63,60,56,31,0,9,28,5,2,25,5,14,22,8,15,13,18,12,15,19,14,16,19,19,10,20,19,24,6,24,31,31,2,28,27,227,253,225,225,238,249,229,237,227,245,234,238,234,241,238,242,247,237,242,246,244,233,246,250,249,229,250,254,254,225,254,194,195,221,194,199,206,217,197,200,206,213,201,202,199,209,205,214,210,205,209,212,208,201,214,218,217,197,218,223,220,193,222,162,161,189,162,167,165,185,166,171,162,181,170,172,171,177,174,176,181,173,177,190,176,169,181,178,189,165,185,182,186,161,189,138,135,157,129,142,132,153,133,130,137,149,138,143,136,145,142,147,149,141,146,151,146,137,150,155,159,133,154,159,156,129,158,99,97,125,97,98,99,121,101,104,98,117,105,105,106,113,109,116,122,109,113,112,113,105,117,115,125,101,121,123,119,97,125,69,68,93,65,79,67,89,70,72,79,85,73,74,74,81,77,91,84,77,81,80,83,73,85,93,83,69,89,89,86,65,93,43,34,61,33,33,39,57,38,47,43,53,42,44,39,49,46,51,48,45,50,55,48,41,54,57,51,37,58,61,56,33,62,1,5,29,2,5,2,25,6,9,15,21,10,12,6,17,14,16,27,13,18,20,16,9,22,24,29,5,26,28,26,1,30,225,228,252,229,229,231,248,234,236,225,244,231,234,241,228,244,238,249,240,235,240,240,232,253,254,229,249,254,247,225,250,196,222,200,197,219,206,196,216,204,200,213,192,199,210,196,200,207,208,214,204,210,202,215,209,199,210,219,196,215,219,193,212,162,190,167,164,187,162,162,184,175,171,181,168,179,175,177,173,183,174,176,181,171,183,183,168,186,185,165,185,191,162,188,189,159,138,157,137,155,131,129,152,142,143,149,137,142,138,145,141,145,150,141,145,149,146,137,149,153,152,133,145,150,130,156,158,98,126,96,98,100,122,100,102,104,118,111,104,115,109,111,112,118,122,109,113,118,119,105,117,123,124,101,121,127,118,97,117,74,94,64,64,91,71,65,88,72,77,85,75,75,82,78,73,79,81,83,76,84,85,73,80,93,70,93,95,67,90,89,64,34,34,37,60,38,38,39,56,42,40,41,52,46,46,36,48,55,46,48,50,51,42,61,51,39,50,61,36,55,59,33,52,1,30,9,3,27,14,5,24,3,11,21,1,11,18,4,9,15,27,19,12,30,21,9,29,27,6,24,29,3,28,20,0,227,253,225,239,250,230,227,247,235,232,244,237,231,241,235,245,238,244,245,235,243,233,246,254,230,251,254,227,250,249,224,192,222,192,220,194,218,199,193,215,195,200,212,200,205,209,205,211,213,205,209,214,223,201,214,216,198,220,208,195,216,223,192,165,162,189,163,163,186,172,172,183,171,168,170,179,171,170,176,183,180,173,181,183,170,176,177,167,179,165,187,190,162,191,187,159,131,128,128,155,135,132,131,151,139,136,139,147,143,140,142,143,147,144,144,139,151,148,151,135,155,152,159,131,159,156,154,127,107,105,124,102,100,96,120,106,104,104,116,110,108,109,112,122,123,109,119,119,106,115,114,103,123,121,125,99,127,120,124,95,67,68,65,91,71,65,76,87,75,77,65,83,79,73,74,79,83,85,87,75,87,81,80,71,91,93,93,67,95,88,84,63,35,36,41,59,39,32,34,55,40,41,41,51,44,47,47,47,51,56,53,43,52,53,48,39,56,60,57,35,60,61,61,31,0,3,3,27,7,6,12,23,8,13,9,19,15,4,5,15,16,16,25,11,20,20,22,7,27,27,17,3,31,25,27,254,224,228,228,250,228,224,233,246,235,237,239,242,239,237,245,238,240,249,241,234,244,253,243,230,251,248,249,226,252,244,193,222,195,194,199,218,199,192,202,214,203,203,201,210,196,196,207,211,211,204,223,202,212,221,199,219,216,216,195,222,193,217,191,163,169,188,166,174,161,184,170,175,169,180,174,170,171,176,178,186,180,172,182,176,179,168,186,188,190,164,190,184,185,160,130,132,132,156,134,128,135,152,138,140,138,148,142,136,141,144,145,144,153,140,149,148,145,136,153,153,156,132,158,156,148,128,98,97,100,124,102,97,101,120,106,109,104,116,110,104,101,112,114,116,120,108,118,114,114,104,122,127,122,100,126,122,121,96,65,64,65,92,69,67,64,88,73,78,64,84,77,75,78,80,81,87,80,76,85,84,87,72,89,88,90,68,93,92,93,64,33,32,32,60,37,39,32,56,41,43,45,52,45,47,43,48,50,53,53,44,54,53,48,40,58,62,59,36,62,58,57,32,2,11,6,28,6,3,4,24,10,14,8,20,14,10,5,16,18,17,23,12,22,21,21,8,25,26,30,4,30,26,28,0,227,229,226,251,231,230,227,247,235,237,234,243,239,232,233,239,243,244,244,235,244,241,242,231,251,240,248,227,255,251,251,223,192,197,197,219,199,205,197,215,203,207,201,211,207,202,203,207,211,216,209,203,215,210,212,199,219,209,222,195,223,213,216,191,160,161,168,187,164,165,172,183,168,172,169,179,172,169,164,175,176,181,185,171,180,182,180,167,187,177,185,163,191,187,189,159,131,137,129,155,135,131,131,151,139,143,138,147,143,133,140,143,144,147,149,139,151,157,145,135,155,158,156,131,159,155,153,127,99,105,101,123,100,103,98,119,104,107,110,115,108,110,110,111,115,121,120,107,126,124,104,125,126,101,113,125,98,116,120,95,67,72,92,79,64,89,76,67,86,65,72,83,70,75,80,84,91,77,88,82,74,92,81,71,83,92,68,90,93,65,89,34,62,39,60,32,58,33,56,46,54,33,40,51,41,45,48,59,54,45,56,51,42,60,54,39,60,60,36,62,60,33,59,5,30,6,3,27,1,7,24,12,13,21,1,15,18,12,12,18,14,25,16,11,23,21,22,7,27,24,30,3,31,31,24,254,224,224,228,250,228,229,236,246,232,233,232,242,236,229,239,240,240,236,246,244,244,232,250,251,252,228,254,252,251,224,193,192,221,193,207,218,199,196,215,203,203,212,206,207,205,208,218,218,205,211,208,202,212,212,211,198,216,216,215,194,220,221,165,190,162,163,187,167,167,161,183,171,169,171,179,167,164,176,178,176,179,172,177,179,169,181,186,186,165,185,190,189,161,187,139,158,130,156,132,134,153,129,136,150,139,143,147,140,143,144,144,148,141,145,144,138,151,144,135,155,153,132,151,153,129,148,102,126,104,99,123,103,97,120,106,99,117,106,102,114,111,111,111,115,113,119,107,119,117,125,103,124,113,100,121,119,97,122,69,94,71,71,91,71,77,88,79,86,75,78,83,76,75,80,80,82,77,83,75,87,85,87,71,83,94,68,94,93,65,91,63,39,33,109,44,122,122,119,122,118,57,71,76,105,124,123,92,55,51,102,97,59,48,48,48,102,102,107,110,98,45,83,96,69,80,87,116,89,81,81,100,94,10,10,11,3,70,65,24,68,78,82,7,121,86,83,74,77,78,81,112,28,78,77,183,236,225,251,245,138,167,172,187,190,171,128,187,239,234,227,166,174,224,171,169,166,165,167,234,150,155,184,175,170,142,138,134,148,175,196,207,205,146,198,210,209,167,140,137,156,155,132,155,190,210,132,135,128,201,218,195,204,218,218,219,196,199,162,169,253,255,244,247,249,180,196,201,206,217,216,193,171,250,229,191,222,211,240,231,226,194,229,213,237,187,191,189,165,211,192,197,208,215,196,233,208,134,141,225,230,203,200,223,218,219,218,253,147,195,198,195,248,136,244,249,222,201,200,236,212,216,54,13,98,105,111,48,124,111,4,9,14,25,24,1,107,58,37,127,30,19,48,39,34,2,37,21,45,123,127,125,101,19,32,37,48,55,40,64,19,18,87,37,42,15,30,25,34,73,81,4,7,73,92,57,54,19,10,13,42,7,11,11,50,8,32,32,37,75,72,101,98,117,124,125,96,71,45,125,124,121,94,63,94,83,112,103,98,92,84,111,58,49,106,38,82,95,100,115,118,111,1,80,83,29,27,95,87,92,4,82,82,95,66,78,1,127,84,81,68,67,82,117,75,75,26,29,16,115,129,166,177,176,144,187,139,184,188,184,225,247,129,142,171,162,165,130,175,163,163,154,160,248,248,253,225,244,162,162,175,146,158,209,159,156,218,147,154,198,138,154,153,147,146,213,163,144,149,128,135,180,146,151,187,143,216,209,140,195,177,158,155,242,245,232,207,245,245,160,167,178,161,240,254,191,241,246,188,226,236,229,160,225,232,165,240,227,239,231,168,227,225,238,237,223,146,194,156,210,139,197,215,218,214,213,144,217,208,148,156,202,196,129,206,200,210,133,215,139,222,193,205,193,142,218,205,33,60,121,119,12,5,34,53,60,7,121,10,42,48,41,53,46,39,97,37,53,52,42,54,113,106,110,102,97,58,34,63,7,0,24,30,16,94,16,93,82,90,28,22,27,94,15,25,23,23,19,14,71,3,11,0,80,3,15,72,1,1,25,76,124,121,49,100,127,115,123,52,108,123,107,118,55,57,70,79,116,99,102,93,39,74,106,101,111,42,108,122,125,97,127,54,19,21,31,30,67,89,70,64,73,83,87,95,23,88,83,21,10,2,68,78,67,29,73,75,72,75,69,8,73,64,31,17,141,162,167,182,177,134,160,169,133,189,234,231,186,245,131,176,181,160,167,190,153,167,167,254,249,224,232,166,168,237,170,157,192,209,132,159,147,155,212,157,148,203,208,214,222,152,146,135,194,132,142,131,207,205,205};local _SwagByte_d0c=211;local _swagXor_712={};for _swagy_45ef=1,#_swagResult_c22a do local _SwagEnv_cd71=((_swagy_45ef-1)%255)+1;local _swagStr_6e8a=_SwagKey_6d6(_swagResult_c22a[_swagy_45ef],_SwagEnv_cd71);_swagStr_6e8a=_SwagKey_6d6(_swagStr_6e8a,_SwagByte_d0c);_swagXor_712[_swagy_45ef]=_swagy_4c2c(_swagStr_6e8a) end;local _SwagByte_ab05=_swag_d716(_swagXor_712);local ok,fn=pcall(_swagy_5778,_SwagByte_ab05);if ok and fn then local s,e=pcall(fn) if not s then warn('[Swag] Runtime error: '..tostring(e)) end return end;if not ok then warn('[Swag] Load error: '..tostring(fn)) end;local fn2=_swagy_5778(_SwagByte_ab05) if fn2 then fn2() end end)()
